28
MW164637|11pool1989|culex_pipiens|IT|2011-08-23     0.0000000 0.0024529 0.0029486 0.0027496 0.0026516 0.0028489 0.0028494 0.0031487 0.0027497 0.0030491 0.0029485 0.0028513 0.0032492 0.0033483 0.0033480 0.0035473 0.0037472 0.0040490 0.0040490 0.0041498 0.0034465 0.0038477 0.0024528 0.0025508 0.0030473 0.0030471 0.0032461 0.0017599 
MW164638|11pool2109|culex_pipiens|IT|2011-08-24     0.0024529 0.0000000 0.0020575 0.0018599 0.0017621 0.0019586 0.0019589 0.0022560 0.0018600 0.0021571 0.0020575 0.0019602 0.0023552 0.0024544 0.0024541 0.0026523 0.0028511 0.0031498 0.0031498 0.0032498 0.0023541 0.0027512 0.0021568 0.0022548 0.0027503 0.0027501 0.0029488 0.0016614 
MW164643|12pool2046|culex_pipiens|IT|2012-07-24     0.0029486 0.0020575 0.0000000 0.0003881 0.0002914 0.0004862 0.0004862 0.0007788 0.0011702 0.0014647 0.0013662 0.0012691 0.0016619 0.0017603 0.0017601 0.0019571 0.0021546 0.0024513 0.0024513 0.0025506 0.0018580 0.0022530 0.0028502 0.0029485 0.0034465 0.0034463 0.0036458 0.0021548 
MW164644|12pool2194|culex_pipiens|IT|2012-08-09     0.0027496 0.0018599 0.0003881 0.0000000 0.0000971 0.0002912 0.0002913 0.0005837 0.0009743 0.0012685 0.0011701 0.0010729 0.0014650 0.0015627 0.0015626 0.0017598 0.0019569 0.0022532 0.0022532 0.0023523 0.0016600 0.0020553 0.0026513 0.0027495 0.0032467 0.0032465 0.0034458 0.0019572 
MW164645|12pool2214|culex_pipiens|IT|2012-08-07     0.0026516 0.0017621 0.0002914 0.0000971 0.0000000 0.0001943 0.0001943 0.0004866 0.0008769 0.0011711 0.0010727 0.0009754 0.0013675 0.0014654 0.0014652 0.0016613 0.0018592 0.0021554 0.0021554 0.0022544 0.0015628 0.0019575 0.0025533 0.0026515 0.0031486 0.0031484 0.0033477 0.0018594 
MW164665|13pool5873|culex_pipiens|IT|2013-08-13     0.0028489 0.0019586 0.0004862 0.0002912 0.0001943 0.0000000 0.0003881 0.0006814 0.0010715 0.0013666 0.0012681 0.0011710 0.0015634 0.0016608 0.0016606 0.0018583 0.0020556 0.0023521 0.0023521 0.0024513 0.0017593 0.0021540 0.0027506 0.0028489 0.0033465 0.0033462 0.0035456 0.0020559 
MW164650|12pool2586|culex_pipiens|IT|2012-08-23     0.0028494 0.0019589 0.0004862 0.0002913 0.0001943 0.0003881 0.0000000 0.0004864 0.0010715 0.0013668 0.0012683 0.0011711 0.0015636 0.0016611 0.0016609 0.0018586 0.0020559 0.0023525 0.0023525 0.0024517 0.0017596 0.0021543 0.0027510 0.0028493 0.0033470 0.0033467 0.0035461 0.0020562 
MW164667|13pool6009|culex_pipiens|IT|2013-08-21     0.0031487 0.0022560 0.0007788 0.0005837 0.0004866 0.0006814 0.0004864 0.0000000 0.0013666 0.0016614 0.0015628 0.0014658 0.0018595 0.0019581 0.0019579 0.0021552 0.0023531 0.0026504 0.0026504 0.0027499 0.0020559 0.0024517 0.0030500 0.0031486 0.0036474 0.0036472 0.0038481 0.0023534 
MW164656|12VIR6787-11|alauda_arvensis|IT|2012-09-03 0.0027497 0.0018600 0.0011702 0.0009743 0.0008769 0.0010715 0.0010715 0.0013666 0.0000000 0.0012686 0.0011702 0.0010730 0.0014651 0.0015628 0.0015627 0.0017599 0.0019570 0.0022533 0.0022533 0.0023524 0.0016601 0.0020554 0.0026514 0.0027496 0.0032469 0.0032467 0.0034460 0.0019573 
MW164655|12VIR6787-10|alauda_arvensis|IT|2012-09-03 0.0030491 0.0021571 0.0014647 0.0012685 0.0011711 0.0013666 0.0013668 0.0016614 0.0012686 0.0000000 0.0002914 0.0013677 0.0017609 0.0018595 0.0018593 0.0020564 0.0022542 0.0025513 0.0025513 0.0026507 0.0019572 0.0023527 0.0029506 0.0030491 0.0035475 0.0035473 0.0037470 0.0022544 
MW164657|12VIR6787-9|alauda_arvensis|IT|2012-09-03  0.0029485 0.0020575 0.0013662 0.0011701 0.0010727 0.0012681 0.0012683 0.0015628 0.0011702 0.0002914 0.0000000 0.0012691 0.0016618 0.0017603 0.0017601 0.0019570 0.0021545 0.0022533 0.0022533 0.0025505 0.0018580 0.0022530 0.0028501 0.0029485 0.0034464 0.0034462 0.0036457 0.0021548 
MW164646|12pool2249|culex_pipiens|IT|2012-08-07     0.0028513 0.0019602 0.0012691 0.0010729 0.0009754 0.0011710 0.0011711 0.0014658 0.0010730 0.0013677 0.0012691 0.0000000 0.0013679 0.0016622 0.0016620 0.0018598 0.0020573 0.0021560 0.0021560 0.0024533 0.0017608 0.0021558 0.0027528 0.0028512 0.0033492 0.0033490 0.0035485 0.0020575 
MW164659|13pool5600|culex_pipiens|IT|2013-08-07     0.0032492 0.0023552 0.0016619 0.0014650 0.0013675 0.0015634 0.0015636 0.0018595 0.0014651 0.0017609 0.0016618 0.0013679 0.0000000 0.0019582 0.0019580 0.0021553 0.0023532 0.0026504 0.0026504 0.0027499 0.0020560 0.0024518 0.0031511 0.0032491 0.0037489 0.0037486 0.0039490 0.0024525 
MW164649|12pool2412|culex_pipiens|IT|2012-08-22     0.0033483 0.0024544 0.0017603 0.0015627 0.0014654 0.0016608 0.0016611 0.0019581 0.0015628 0.0018595 0.0017603 0.0016622 0.0019582 0.0000000 0.0015632 0.0017605 0.0019577 0.0022541 0.0022541 0.0023532 0.0016607 0.0020561 0.0032506 0.0033483 0.0038488 0.0038485 0.0040490 0.0025517 
MW164674|14pool1419|culex_pipiens|IT|2014-08-26     0.0033480 0.0024541 0.0017601 0.0015626 0.0014652 0.0016606 0.0016609 0.0019579 0.0015627 0.0018593 0.0017601 0.0016620 0.0019580 0.0015632 0.0000000 0.0003880 0.0005835 0.0008765 0.0008765 0.0009743 0.0012683 0.0016606 0.0032502 0.0033479 0.0038483 0.0038481 0.0040486 0.0025515 
MW164680|14pool1698|culex_pipiens|IT|2014-09-23     0.0035473 0.0026523 0.0019571 0.0017598 0.0016613 0.0018583 0.0018586 0.0021552 0.0017599 0.0020564 0.0019570 0.0018598 0.0021553 0.0017605 0.0003880 0.0000000 0.0007782 0.0010715 0.0010715 0.0011700 0.0014642 0.0018583 0.0034497 0.0035472 0.0040486 0.0040483 0.0042491 0.0027497 
MW164698|16pool1777|culex_pipiens|IT|2016-07-25     0.0037472 0.0028511 0.0021546 0.0019569 0.0018592 0.0020556 0.0020559 0.0023531 0.0019570 0.0022542 0.0021545 0.0020573 0.0023532 0.0019577 0.0005835 0.0007782 0.0000000 0.0012679 0.0012679 0.0013660 0.0016603 0.0020556 0.0036499 0.0037471 0.0042497 0.0042494 0.0044506 0.0029485 
MW164695|15VIR4781-42|turdus_merula|IT|2015-09-15   0.0040490 0.0031498 0.0024513 0.0022532 0.0021554 0.0023521 0.0023525 0.0026504 0.0022533 0.0025513 0.0022533 0.0021560 0.0026504 0.0022541 0.0008765 0.0010715 0.0012679 0.0000000 0.0000010 0.0016600 0.0019567 0.0023521 0.0039507 0.0040489 0.0045518 0.0045515 0.0047531 0.0032472 
MW164696|15VIR4781-43|turdus_merula|IT|2015-09-15   0.0040490 0.0031498 0.0024513 0.0022532 0.0021554 0.0023521 0.0023525 0.0026504 0.0022533 0.0025513 0.0022533 0.0021560 0.0026504 0.0022541 0.0008765 0.0010715 0.0012679 0.0000010 0.0000000 0.0016600 0.0019567 0.0023521 0.0039507 0.0040489 0.0045518 0.0045515 0.0047531 0.0032472 
MW164705|16pool2336|culex_pipiens|IT|2016-08-29     0.0041498 0.0032498 0.0025506 0.0023523 0.0022544 0.0024513 0.0024517 0.0027499 0.0023524 0.0026507 0.0025505 0.0024533 0.0027499 0.0023532 0.0009743 0.0011700 0.0013660 0.0016600 0.0016600 0.0000000 0.0018584 0.0022535 0.0038510 0.0039492 0.0044518 0.0044515 0.0046530 0.0033471 
MW164689|15pool1503|culex_pipiens|IT|2015-08-10     0.0034465 0.0023541 0.0018580 0.0016600 0.0015628 0.0017593 0.0017596 0.0020559 0.0016601 0.0019572 0.0018580 0.0017608 0.0020560 0.0016607 0.0012683 0.0014642 0.0016603 0.0019567 0.0019567 0.0018584 0.0000000 0.0011701 0.0029496 0.0030480 0.0035463 0.0035461 0.0037457 0.0026497 
MW164702|16pool2106|culex_pipiens|IT|2016-08-16     0.0038477 0.0027512 0.0022530 0.0020553 0.0019575 0.0021540 0.0021543 0.0024517 0.0020554 0.0023527 0.0022530 0.0021558 0.0024518 0.0020561 0.0016606 0.0018583 0.0020556 0.0023521 0.0023521 0.0022535 0.0011701 0.0000000 0.0033495 0.0034470 0.0039479 0.0039477 0.0041483 0.0030475 
MW164647|12pool2262|culex_pipiens|IT|2012-08-07     0.0024528 0.0021568 0.0028502 0.0026513 0.0025533 0.0027506 0.0027510 0.0030500 0.0026514 0.0029506 0.0028501 0.0027528 0.0031511 0.0032506 0.0032502 0.0034497 0.0036499 0.0039507 0.0039507 0.0038510 0.0029496 0.0033495 0.0000000 0.0000971 0.0005836 0.0013669 0.0015634 0.0015638 
MW164653|12pool2653|culex_pipiens|IT|2012-09-05     0.0025508 0.0022548 0.0029485 0.0027495 0.0026515 0.0028489 0.0028493 0.0031486 0.0027496 0.0030491 0.0029485 0.0028512 0.0032491 0.0033483 0.0033479 0.0035472 0.0037471 0.0040489 0.0040489 0.0039492 0.0030480 0.0034470 0.0000971 0.0000000 0.0006812 0.0014641 0.0016600 0.0017598 
MW164677|14pool1489|culex_pipiens|IT|2014-09-02     0.0030473 0.0027503 0.0034465 0.0032467 0.0031486 0.0033465 0.0033470 0.0036474 0.0032469 0.0035475 0.0034464 0.0033492 0.0037489 0.0038488 0.0038483 0.0040486 0.0042497 0.0045518 0.0045518 0.0044518 0.0035463 0.0039479 0.0005836 0.0006812 0.0000000 0.0019564 0.0021537 0.0022531 
MW164651|12pool2626|culex_pipiens|IT|2012-09-05     0.0030471 0.0027501 0.0034463 0.0032465 0.0031484 0.0033462 0.0033467 0.0036472 0.0032467 0.0035473 0.0034462 0.0033490 0.0037486 0.0038485 0.0038481 0.0040483 0.0042494 0.0045515 0.0045515 0.0044515 0.0035461 0.0039477 0.0013669 0.0014641 0.0019564 0.0000000 0.0007783 0.0022530 
MW164666|13pool5999|culex_pipiens|IT|2013-08-21     0.0032461 0.0029488 0.0036458 0.0034458 0.0033477 0.0035456 0.0035461 0.0038481 0.0034460 0.0037470 0.0036457 0.0035485 0.0039490 0.0040490 0.0040486 0.0042491 0.0044506 0.0047531 0.0047531 0.0046530 0.0037457 0.0041483 0.0015634 0.0016600 0.0021537 0.0007783 0.0000000 0.0024507 
JF266698|NA|turdus_merula|IT|2009                   0.0017599 0.0016614 0.0021548 0.0019572 0.0018594 0.0020559 0.0020562 0.0023534 0.0019573 0.0022544 0.0021548 0.0020575 0.0024525 0.0025517 0.0025515 0.0027497 0.0029485 0.0032472 0.0032472 0.0033471 0.0026497 0.0030475 0.0015638 0.0017598 0.0022531 0.0022530 0.0024507 0.0000000 
