41
LR989886|ED-I-79/18|bubo_scandiacus|DE|2018                     0.0000000 0.0009458 0.0007088 0.0000010 0.0007084 0.0064181 0.0042693 0.0092961 0.0013735 0.0000010 0.0013736 0.0013571 0.0013675 0.0094164 0.0027285 0.0016763 0.0000010 0.0000010 0.0016762 0.0087441 0.0048522 0.0000010 0.0008145 0.0075570 0.0101011 0.0022736 0.0022735 0.0022735 0.0022735 0.0000010 0.0000010 0.0000010 0.0000010 0.0020057 0.0020057 0.0020056 0.0020100 0.0020100 0.0000010 0.0021075 0.0000010 
LR989887|ED-I-107/18|bubo_scandiacus|DE|2018                    0.0009458 0.0000000 0.0016570 0.0009458 0.0016562 0.0073784 0.0052241 0.0092961 0.0027507 0.0013736 0.0027509 0.0027177 0.0027386 0.0107758 0.0040980 0.0016763 0.0000010 0.0000010 0.0016762 0.0102158 0.0048522 0.0000010 0.0020392 0.0113774 0.0101011 0.0057101 0.0057100 0.0057100 0.0057100 0.0060532 0.0060532 0.0060667 0.0060667 0.0080873 0.0080873 0.0080868 0.0081047 0.0081047 0.0063629 0.0085013 0.0025745 
KY426758|NA|turdus_merula|DE|2016-09-25                         0.0007088 0.0016570 0.0000000 0.0010676 0.0024290 0.0068349 0.0052632 0.0106866 0.0042330 0.0031717 0.0042332 0.0041937 0.0042730 0.0149867 0.0055500 0.0041588 0.0027688 0.0027688 0.0041586 0.0113691 0.0048522 0.0257568 0.0016319 0.0114235 0.0206274 0.0022736 0.0022735 0.0022735 0.0022735 0.0000010 0.0000010 0.0000010 0.0000010 0.0020057 0.0020057 0.0020056 0.0020100 0.0020100 0.0000010 0.0021075 0.0000010 
KU664608|Usutu_Berlin|strix_nebulosa|DE|2015-08-21              0.0000010 0.0009458 0.0010676 0.0000000 0.0015533 0.0059496 0.0043810 0.0074503 0.0010539 0.0000010 0.0010540 0.0010439 0.0010640 0.0117278 0.0022107 0.0013826 0.0000010 0.0000010 0.0013825 0.0085034 0.0048522 0.0211177 0.0008145 0.0075570 0.0101011 0.0022736 0.0022735 0.0022735 0.0022735 0.0000010 0.0000010 0.0000010 0.0000010 0.0020057 0.0020057 0.0020056 0.0020100 0.0020100 0.0000010 0.0021075 0.0000010 
KY199556|NA|strix_nebulosa|DE|2016                              0.0007084 0.0016562 0.0024290 0.0015533 0.0000000 0.0073255 0.0057523 0.0085229 0.0000010 0.0010539 0.0021103 0.0000010 0.0021301 0.0128070 0.0011040 0.0027688 0.0013825 0.0013825 0.0000010 0.0099335 0.0072966 0.0242457 0.0016306 0.0075570 0.0101011 0.0034144 0.0034143 0.0034143 0.0034143 0.0020056 0.0020056 0.0020100 0.0020100 0.0040183 0.0040183 0.0040180 0.0040271 0.0040271 0.0021075 0.0042236 0.0000010 
KF573410|NA|culex_pipiens|ES|2006-08-22                         0.0064181 0.0073784 0.0068349 0.0059496 0.0073255 0.0000000 0.0080134 0.0106766 0.0095642 0.0084931 0.0095645 0.0094751 0.0096549 0.0160587 0.0111485 0.0069501 0.0055520 0.0055520 0.0069498 0.0113692 0.0097522 0.0211181 0.0061442 0.0075565 0.0000010 0.0057033 0.0057031 0.0057031 0.0057031 0.0060402 0.0060402 0.0060538 0.0060538 0.0080701 0.0080701 0.0080696 0.0080875 0.0080875 0.0063488 0.0084823 0.0051477 
KX601692|USUV-Rhone2705/France/2015|turdus_merula|FR|2015-09-23 0.0042693 0.0052241 0.0052632 0.0043810 0.0057523 0.0080134 0.0000000 0.0106762 0.0063566 0.0052910 0.0063568 0.0062976 0.0064166 0.0149718 0.0077788 0.0041586 0.0027687 0.0027687 0.0041585 0.0099337 0.0048522 0.0242059 0.0061415 0.0075570 0.0101011 0.0011356 0.0034144 0.0034144 0.0034144 0.0000010 0.0000010 0.0000010 0.0000010 0.0020057 0.0020057 0.0020056 0.0020100 0.0020100 0.0000010 0.0021075 0.0000010 
MF621058|ME/USUV_38580/Fr_2015|culex_sp|FR|2015                 0.0092961 0.0092961 0.0106866 0.0074503 0.0085229 0.0106766 0.0106762 0.0000000 0.0092688 0.0081013 0.0081013 0.0092688 0.0094005 0.0059253 0.0110681 0.0083631 0.0069598 0.0069598 0.0083628 0.0014951 0.0024202 0.0000010 0.0000010 0.0000010 0.0000010 0.0000010 0.0000010 0.0000010 0.0000010 0.0000010 0.0000010 0.0000010 0.0000010 0.0000010 0.0000010 0.0000010 0.0000010 0.0000010 0.0000010 0.0000010 0.0000010 
KY084483|NA|strix_nebulosa|DE|2016                              0.0013735 0.0027507 0.0042330 0.0010539 0.0000010 0.0095642 0.0063566 0.0092688 0.0000000 0.0010539 0.0021103 0.0000010 0.0021366 0.0131023 0.0011114 0.0027688 0.0013825 0.0013825 0.0000010 0.0099335 0.0072966 0.0000010 0.0000010 0.0000010 0.0000010 0.0000010 0.0000010 0.0000010 0.0000010 0.0000010 0.0000010 0.0000010 0.0000010 0.0000010 0.0000010 0.0000010 0.0000010 0.0000010 0.0000010 0.0000010 0.0000010 
KY084489|NA|turdus_merula|DE|2016                               0.0000010 0.0013736 0.0031717 0.0000010 0.0010539 0.0084931 0.0052910 0.0081013 0.0010539 0.0000000 0.0010540 0.0010539 0.0010676 0.0119980 0.0022251 0.0013826 0.0000010 0.0000010 0.0013825 0.0085034 0.0048522 0.0000010 0.0000010 0.0000010 0.0000010 0.0000010 0.0000010 0.0000010 0.0000010 0.0000010 0.0000010 0.0000010 0.0000010 0.0000010 0.0000010 0.0000010 0.0000010 0.0000010 0.0000010 0.0000010 0.0000010 
KY084487|NA|turdus_merula|DE|2016                               0.0013736 0.0027509 0.0042332 0.0010540 0.0021103 0.0095645 0.0063568 0.0081013 0.0021103 0.0010540 0.0000000 0.0021103 0.0021366 0.0131028 0.0033416 0.0013826 0.0000010 0.0000010 0.0013825 0.0085034 0.0048522 0.0000010 0.0000010 0.0000010 0.0000010 0.0000010 0.0000010 0.0000010 0.0000010 0.0000010 0.0000010 0.0000010 0.0000010 0.0000010 0.0000010 0.0000010 0.0000010 0.0000010 0.0000010 0.0000010 0.0000010 
KY084488|NA|turdus_merula|DE|2016                               0.0013571 0.0027177 0.0041937 0.0010439 0.0000010 0.0094751 0.0062976 0.0092688 0.0000010 0.0010539 0.0021103 0.0000000 0.0021301 0.0129771 0.0011040 0.0027688 0.0013825 0.0013825 0.0000010 0.0099335 0.0072966 0.0000010 0.0000010 0.0000010 0.0000010 0.0000010 0.0000010 0.0000010 0.0000010 0.0000010 0.0000010 0.0000010 0.0000010 0.0000010 0.0000010 0.0000010 0.0000010 0.0000010 0.0000010 0.0000010 0.0000010 
KY084497|NA|culex_sp|DE|2016                                    0.0013675 0.0027386 0.0042730 0.0010640 0.0021301 0.0096549 0.0064166 0.0094005 0.0021366 0.0010676 0.0021366 0.0021301 0.0000000 0.0130563 0.0033294 0.0000010 0.0013826 0.0013826 0.0027688 0.0099339 0.0072971 0.0000010 0.0000010 0.0000010 0.0000010 0.0000010 0.0000010 0.0000010 0.0000010 0.0000010 0.0000010 0.0000010 0.0000010 0.0000010 0.0000010 0.0000010 0.0000010 0.0000010 0.0000010 0.0000010 0.0000010 
MF621055|ME/USUV_2G9/Fr_2015|culex_sp|FR|2015                   0.0094164 0.0107758 0.0149867 0.0117278 0.0128070 0.0160587 0.0149718 0.0059253 0.0131023 0.0119980 0.0131028 0.0129771 0.0130563 0.0000000 0.0146093 0.0126517 0.0112307 0.0112307 0.0126512 0.0000010 0.0024202 0.0000010 0.0000010 0.0000010 0.0000010 0.0000010 0.0000010 0.0000010 0.0000010 0.0000010 0.0000010 0.0000010 0.0000010 0.0000010 0.0000010 0.0000010 0.0000010 0.0000010 0.0000010 0.0000010 0.0000010 
KY084494|NA|turdus_merula|DE|2016                               0.0027285 0.0040980 0.0055500 0.0022107 0.0011040 0.0111485 0.0077788 0.0110681 0.0011114 0.0022251 0.0033416 0.0011040 0.0033294 0.0146093 0.0000000 0.0041588 0.0027688 0.0027688 0.0013825 0.0113690 0.0097520 0.0000010 0.0000010 0.0000010 0.0000010 0.0000010 0.0000010 0.0000010 0.0000010 0.0000010 0.0000010 0.0000010 0.0000010 0.0000010 0.0000010 0.0000010 0.0000010 0.0000010 0.0000010 0.0000010 0.0000010 
MK956028|USUV-M_664|turdus_merula|DE|2018                       0.0016763 0.0016763 0.0041588 0.0013826 0.0027688 0.0069501 0.0041586 0.0083631 0.0027688 0.0013826 0.0013826 0.0027688 0.0000010 0.0126517 0.0041588 0.0000000 0.0013826 0.0013826 0.0027688 0.0081682 0.0072971 0.0000010 0.0000010 0.0000010 0.0000010 0.0000010 0.0000010 0.0000010 0.0000010 0.0000010 0.0000010 0.0000010 0.0000010 0.0000010 0.0000010 0.0000010 0.0000010 0.0000010 0.0000010 0.0000010 0.0000010 
MK956050|USUV-V_9519|turdus_merula|DE|2017                      0.0000010 0.0000010 0.0027688 0.0000010 0.0013825 0.0055520 0.0027687 0.0069598 0.0013825 0.0000010 0.0000010 0.0013825 0.0013826 0.0112307 0.0027688 0.0013826 0.0000000 0.0000010 0.0013825 0.0065241 0.0048522 0.0000010 0.0000010 0.0000010 0.0000010 0.0000010 0.0000010 0.0000010 0.0000010 0.0000010 0.0000010 0.0000010 0.0000010 0.0000010 0.0000010 0.0000010 0.0000010 0.0000010 0.0000010 0.0000010 0.0000010 
MK956054|USUV-V_9958|turdus_merula|DE|2017                      0.0000010 0.0000010 0.0027688 0.0000010 0.0013825 0.0055520 0.0027687 0.0069598 0.0013825 0.0000010 0.0000010 0.0013825 0.0013826 0.0112307 0.0027688 0.0013826 0.0000010 0.0000000 0.0013825 0.0065241 0.0048522 0.0000010 0.0000010 0.0000010 0.0000010 0.0000010 0.0000010 0.0000010 0.0000010 0.0000010 0.0000010 0.0000010 0.0000010 0.0000010 0.0000010 0.0000010 0.0000010 0.0000010 0.0000010 0.0000010 0.0000010 
MK956052|USUV-V_9526|turdus_merula|DE|2017                      0.0016762 0.0016762 0.0041586 0.0013825 0.0000010 0.0069498 0.0041585 0.0083628 0.0000010 0.0013825 0.0013825 0.0000010 0.0027688 0.0126512 0.0013825 0.0027688 0.0013825 0.0013825 0.0000000 0.0081678 0.0072966 0.0000010 0.0000010 0.0000010 0.0000010 0.0000010 0.0000010 0.0000010 0.0000010 0.0000010 0.0000010 0.0000010 0.0000010 0.0000010 0.0000010 0.0000010 0.0000010 0.0000010 0.0000010 0.0000010 0.0000010 
MF621056|ME/USUV_2D12/Fr_2015|culex_sp|FR|2015                  0.0087441 0.0102158 0.0113691 0.0085034 0.0099335 0.0113692 0.0099337 0.0014951 0.0099335 0.0085034 0.0085034 0.0099335 0.0099339 0.0000010 0.0113690 0.0081682 0.0065241 0.0065241 0.0081678 0.0000000 0.0024202 0.0000010 0.0000010 0.0000010 0.0000010 0.0000010 0.0000010 0.0000010 0.0000010 0.0000010 0.0000010 0.0000010 0.0000010 0.0000010 0.0000010 0.0000010 0.0000010 0.0000010 0.0000010 0.0000010 0.0000010 
MF621057|ME/USUV_1G10/Fr_2015|culex_sp|FR|2015                  0.0048522 0.0048522 0.0048522 0.0048522 0.0072966 0.0097522 0.0048522 0.0024202 0.0072966 0.0048522 0.0048522 0.0072966 0.0072971 0.0024202 0.0097520 0.0072971 0.0048522 0.0048522 0.0072966 0.0024202 0.0000000 0.0000010 0.0000010 0.0000010 0.0000010 0.0000010 0.0000010 0.0000010 0.0000010 0.0000010 0.0000010 0.0000010 0.0000010 0.0000010 0.0000010 0.0000010 0.0000010 0.0000010 0.0000010 0.0000010 0.0000010 
ON125263|Usutu/Camargue/Culex2015|culex_pipiens|FR|2015         0.0000010 0.0000010 0.0257568 0.0211177 0.0242457 0.0211181 0.0242059 0.0000010 0.0000010 0.0000010 0.0000010 0.0000010 0.0000010 0.0000010 0.0000010 0.0000010 0.0000010 0.0000010 0.0000010 0.0000010 0.0000010 0.0000000 0.0000010 0.0000010 0.0000010 0.0000010 0.0000010 0.0000010 0.0000010 0.0000010 0.0000010 0.0000010 0.0000010 0.0000010 0.0000010 0.0000010 0.0000010 0.0000010 0.0000010 0.0000010 0.0000010 
KU664609|Usutu_Berlin|strix_nebulosa|DE|2015-08-27              0.0008145 0.0020392 0.0016319 0.0008145 0.0016306 0.0061442 0.0061415 0.0000010 0.0000010 0.0000010 0.0000010 0.0000010 0.0000010 0.0000010 0.0000010 0.0000010 0.0000010 0.0000010 0.0000010 0.0000010 0.0000010 0.0000010 0.0000000 0.0075570 0.0101011 0.0034178 0.0034177 0.0034177 0.0034177 0.0020092 0.0020092 0.0020136 0.0020136 0.0040256 0.0040256 0.0040254 0.0040345 0.0040345 0.0000010 0.0021075 0.0000010 
KY113098|BNI-499|turdus_merula|DE|2016-09-04                    0.0075570 0.0113774 0.0114235 0.0075570 0.0075570 0.0075565 0.0075570 0.0000010 0.0000010 0.0000010 0.0000010 0.0000010 0.0000010 0.0000010 0.0000010 0.0000010 0.0000010 0.0000010 0.0000010 0.0000010 0.0000010 0.0000010 0.0075570 0.0000000 0.0000010 0.0053763 0.0053763 0.0053763 0.0053763 0.0084048 0.0084048 0.0084829 0.0084829 0.0169521 0.0169521 0.0084048 0.0084829 0.0171066 0.0084048 0.0084048 0.0109810 
AM909649|NA|culex_pipiens|ES|2006-08-22                         0.0101011 0.0101011 0.0206274 0.0101011 0.0101011 0.0000010 0.0101011 0.0000010 0.0000010 0.0000010 0.0000010 0.0000010 0.0000010 0.0000010 0.0000010 0.0000010 0.0000010 0.0000010 0.0000010 0.0000010 0.0000010 0.0000010 0.0101011 0.0000010 0.0000000 0.0000010 0.0000010 0.0000010 0.0000010 0.0000010 0.0000010 0.0000010 0.0000010 0.0000010 0.0000010 0.0000010 0.0000010 0.0000010 0.0000010 0.0000010 0.0000010 
NA|8640/France/69/2016|turdus_merula|FR|2016-08-16              0.0022736 0.0057101 0.0022736 0.0022736 0.0034144 0.0057033 0.0011356 0.0000010 0.0000010 0.0000010 0.0000010 0.0000010 0.0000010 0.0000010 0.0000010 0.0000010 0.0000010 0.0000010 0.0000010 0.0000010 0.0000010 0.0000010 0.0034178 0.0053763 0.0000010 0.0000000 0.0045575 0.0045575 0.0045575 0.0020057 0.0020057 0.0020101 0.0020101 0.0040185 0.0040185 0.0040182 0.0040273 0.0040273 0.0021076 0.0042238 0.0025677 
NA|8645/France/69/2016|turdus_merula|FR|2016-07-25              0.0022735 0.0057100 0.0022735 0.0022735 0.0034143 0.0057031 0.0034144 0.0000010 0.0000010 0.0000010 0.0000010 0.0000010 0.0000010 0.0000010 0.0000010 0.0000010 0.0000010 0.0000010 0.0000010 0.0000010 0.0000010 0.0000010 0.0034177 0.0053763 0.0000010 0.0045575 0.0000000 0.0000010 0.0000010 0.0040182 0.0040182 0.0040273 0.0040273 0.0060404 0.0060404 0.0060401 0.0060536 0.0060536 0.0042238 0.0063486 0.0025675 
NA|9615/France/69/2016|turdus_merula|FR|2016-08-03              0.0022735 0.0057100 0.0022735 0.0022735 0.0034143 0.0057031 0.0034144 0.0000010 0.0000010 0.0000010 0.0000010 0.0000010 0.0000010 0.0000010 0.0000010 0.0000010 0.0000010 0.0000010 0.0000010 0.0000010 0.0000010 0.0000010 0.0034177 0.0053763 0.0000010 0.0045575 0.0000010 0.0000000 0.0000010 0.0040182 0.0040182 0.0040273 0.0040273 0.0060404 0.0060404 0.0060401 0.0060536 0.0060536 0.0042238 0.0063486 0.0025675 
NA|9617/France/69/2016|turdus_merula|FR|2016-08-03              0.0022735 0.0057100 0.0022735 0.0022735 0.0034143 0.0057031 0.0034144 0.0000010 0.0000010 0.0000010 0.0000010 0.0000010 0.0000010 0.0000010 0.0000010 0.0000010 0.0000010 0.0000010 0.0000010 0.0000010 0.0000010 0.0000010 0.0034177 0.0053763 0.0000010 0.0045575 0.0000010 0.0000010 0.0000000 0.0040182 0.0040182 0.0040273 0.0040273 0.0060404 0.0060404 0.0060401 0.0060536 0.0060536 0.0042238 0.0063486 0.0025675 
PQ039624|21|fringilla_coelebs|PL|2023-09-28                     0.0000010 0.0060532 0.0000010 0.0000010 0.0020056 0.0060402 0.0000010 0.0000010 0.0000010 0.0000010 0.0000010 0.0000010 0.0000010 0.0000010 0.0000010 0.0000010 0.0000010 0.0000010 0.0000010 0.0000010 0.0000010 0.0000010 0.0020092 0.0084048 0.0000010 0.0020057 0.0040182 0.0040182 0.0040182 0.0000000 0.0000010 0.0000010 0.0000010 0.0020057 0.0020057 0.0020056 0.0020100 0.0020100 0.0000010 0.0021075 0.0000010 
PQ039625|128|turdus_merula|PL|2023-10-22                        0.0000010 0.0060532 0.0000010 0.0000010 0.0020056 0.0060402 0.0000010 0.0000010 0.0000010 0.0000010 0.0000010 0.0000010 0.0000010 0.0000010 0.0000010 0.0000010 0.0000010 0.0000010 0.0000010 0.0000010 0.0000010 0.0000010 0.0020092 0.0084048 0.0000010 0.0020057 0.0040182 0.0040182 0.0040182 0.0000010 0.0000000 0.0000010 0.0000010 0.0020057 0.0020057 0.0020056 0.0020100 0.0020100 0.0000010 0.0021075 0.0000010 
PQ039629|1141|regulus_regulus|PL|2023-10-22                     0.0000010 0.0060667 0.0000010 0.0000010 0.0020100 0.0060538 0.0000010 0.0000010 0.0000010 0.0000010 0.0000010 0.0000010 0.0000010 0.0000010 0.0000010 0.0000010 0.0000010 0.0000010 0.0000010 0.0000010 0.0000010 0.0000010 0.0020136 0.0084829 0.0000010 0.0020101 0.0040273 0.0040273 0.0040273 0.0000010 0.0000010 0.0000000 0.0000010 0.0020101 0.0020101 0.0020100 0.0020144 0.0020144 0.0000010 0.0021124 0.0000010 
PQ039632|WW|motacilla_alba|PL|2023-08-12                        0.0000010 0.0060667 0.0000010 0.0000010 0.0020100 0.0060538 0.0000010 0.0000010 0.0000010 0.0000010 0.0000010 0.0000010 0.0000010 0.0000010 0.0000010 0.0000010 0.0000010 0.0000010 0.0000010 0.0000010 0.0000010 0.0000010 0.0020136 0.0084829 0.0000010 0.0020101 0.0040273 0.0040273 0.0040273 0.0000010 0.0000010 0.0000010 0.0000000 0.0020101 0.0020101 0.0020100 0.0020144 0.0020144 0.0000010 0.0021124 0.0000010 
PQ039630|1552|regulus_regulus|PL|2023-11-05                     0.0020057 0.0080873 0.0020057 0.0020057 0.0040183 0.0080701 0.0020057 0.0000010 0.0000010 0.0000010 0.0000010 0.0000010 0.0000010 0.0000010 0.0000010 0.0000010 0.0000010 0.0000010 0.0000010 0.0000010 0.0000010 0.0000010 0.0040256 0.0169521 0.0000010 0.0040185 0.0060404 0.0060404 0.0060404 0.0020057 0.0020057 0.0020101 0.0020101 0.0000000 0.0040185 0.0040183 0.0040274 0.0040274 0.0021077 0.0042239 0.0000010 
PQ039638|MB285-23|cygnus_olor|PL|2023-07-25                     0.0020057 0.0080873 0.0020057 0.0020057 0.0040183 0.0080701 0.0020057 0.0000010 0.0000010 0.0000010 0.0000010 0.0000010 0.0000010 0.0000010 0.0000010 0.0000010 0.0000010 0.0000010 0.0000010 0.0000010 0.0000010 0.0000010 0.0040256 0.0169521 0.0000010 0.0040185 0.0060404 0.0060404 0.0060404 0.0020057 0.0020057 0.0020101 0.0020101 0.0040185 0.0000000 0.0040183 0.0040274 0.0040274 0.0021077 0.0042239 0.0025677 
PQ039644|123|sylvia_atricapilla|PL|2023-09-10                   0.0020056 0.0080868 0.0020056 0.0020056 0.0040180 0.0080696 0.0020056 0.0000010 0.0000010 0.0000010 0.0000010 0.0000010 0.0000010 0.0000010 0.0000010 0.0000010 0.0000010 0.0000010 0.0000010 0.0000010 0.0000010 0.0000010 0.0040254 0.0084048 0.0000010 0.0040182 0.0060401 0.0060401 0.0060401 0.0020056 0.0020056 0.0020100 0.0020100 0.0040183 0.0040183 0.0000000 0.0040271 0.0040271 0.0021075 0.0042236 0.0025675 
PQ039631|EJ|garrulus_glandarius|PL|2023-11-21                   0.0020100 0.0081047 0.0020100 0.0020100 0.0040271 0.0080875 0.0020100 0.0000010 0.0000010 0.0000010 0.0000010 0.0000010 0.0000010 0.0000010 0.0000010 0.0000010 0.0000010 0.0000010 0.0000010 0.0000010 0.0000010 0.0000010 0.0040345 0.0084829 0.0000010 0.0040273 0.0060536 0.0060536 0.0060536 0.0020100 0.0020100 0.0020144 0.0020144 0.0040274 0.0040274 0.0040271 0.0000000 0.0040362 0.0021124 0.0042334 0.0025747 
PQ039646|1182|regulus_regulus|PL|2023-10-29                     0.0020100 0.0081047 0.0020100 0.0020100 0.0040271 0.0080875 0.0020100 0.0000010 0.0000010 0.0000010 0.0000010 0.0000010 0.0000010 0.0000010 0.0000010 0.0000010 0.0000010 0.0000010 0.0000010 0.0000010 0.0000010 0.0000010 0.0040345 0.0171066 0.0000010 0.0040273 0.0060536 0.0060536 0.0060536 0.0020100 0.0020100 0.0020144 0.0020144 0.0040274 0.0040274 0.0040271 0.0040362 0.0000000 0.0021124 0.0042334 0.0025747 
PQ039641|BHG-s1|anser_indicus|PL|2023-10                        0.0000010 0.0063629 0.0000010 0.0000010 0.0021075 0.0063488 0.0000010 0.0000010 0.0000010 0.0000010 0.0000010 0.0000010 0.0000010 0.0000010 0.0000010 0.0000010 0.0000010 0.0000010 0.0000010 0.0000010 0.0000010 0.0000010 0.0000010 0.0084048 0.0000010 0.0021076 0.0042238 0.0042238 0.0042238 0.0000010 0.0000010 0.0000010 0.0000010 0.0021077 0.0021077 0.0021075 0.0021124 0.0021124 0.0000000 0.0021075 0.0000010 
PQ039643|MB294-23|falco_subbuteo|PL|2023-10-12                  0.0021075 0.0085013 0.0021075 0.0021075 0.0042236 0.0084823 0.0021075 0.0000010 0.0000010 0.0000010 0.0000010 0.0000010 0.0000010 0.0000010 0.0000010 0.0000010 0.0000010 0.0000010 0.0000010 0.0000010 0.0000010 0.0000010 0.0021075 0.0084048 0.0000010 0.0042238 0.0063486 0.0063486 0.0063486 0.0021075 0.0021075 0.0021124 0.0021124 0.0042239 0.0042239 0.0042236 0.0042334 0.0042334 0.0021075 0.0000000 0.0025675 
PQ039642|BHG-s3|anser_indicus|PL|2023-10                        0.0000010 0.0025745 0.0000010 0.0000010 0.0000010 0.0051477 0.0000010 0.0000010 0.0000010 0.0000010 0.0000010 0.0000010 0.0000010 0.0000010 0.0000010 0.0000010 0.0000010 0.0000010 0.0000010 0.0000010 0.0000010 0.0000010 0.0000010 0.0109810 0.0000010 0.0025677 0.0025675 0.0025675 0.0025675 0.0000010 0.0000010 0.0000010 0.0000010 0.0000010 0.0025677 0.0025675 0.0025747 0.0025747 0.0000010 0.0025675 0.0000000 
