29
MW164637|11pool1989|culex_pipiens|IT|2011-08-23     0.0000000 0.0024530 0.0029487 0.0027496 0.0026516 0.0028490 0.0028494 0.0031488 0.0027498 0.0030492 0.0029486 0.0028513 0.0032483 0.0033485 0.0033481 0.0035474 0.0037475 0.0040490 0.0040490 0.0041498 0.0034467 0.0038468 0.0024529 0.0025509 0.0030474 0.0030472 0.0032462 0.0017591 0.0034071 
MW164638|11pool2109|culex_pipiens|IT|2011-08-24     0.0024530 0.0000000 0.0020575 0.0018599 0.0017615 0.0019586 0.0019589 0.0022561 0.0018600 0.0021571 0.0020575 0.0019602 0.0023553 0.0024544 0.0024541 0.0026523 0.0028512 0.0031499 0.0031499 0.0032499 0.0023541 0.0027512 0.0021569 0.0022548 0.0027504 0.0027502 0.0029489 0.0016618 0.0023086 
MW164643|12pool2046|culex_pipiens|IT|2012-07-24     0.0029487 0.0020575 0.0000000 0.0003886 0.0002916 0.0004856 0.0004857 0.0007785 0.0011702 0.0014650 0.0013663 0.0012691 0.0016619 0.0017596 0.0017594 0.0019571 0.0021546 0.0024514 0.0024514 0.0025506 0.0018580 0.0022531 0.0028503 0.0029486 0.0034467 0.0034464 0.0036460 0.0021548 0.0018963 
MW164644|12pool2194|culex_pipiens|IT|2012-08-09     0.0027496 0.0018599 0.0003886 0.0000000 0.0000966 0.0002914 0.0002915 0.0005838 0.0009742 0.0012691 0.0011701 0.0010729 0.0014651 0.0015631 0.0015629 0.0017590 0.0019569 0.0022532 0.0022532 0.0023523 0.0016605 0.0020553 0.0026514 0.0027495 0.0032468 0.0032466 0.0034459 0.0019572 0.0017597 
MW164645|12pool2214|culex_pipiens|IT|2012-08-07     0.0026516 0.0017615 0.0002916 0.0000966 0.0000000 0.0001943 0.0001943 0.0004861 0.0008769 0.0011711 0.0010722 0.0009755 0.0013675 0.0014656 0.0014655 0.0016617 0.0018592 0.0021554 0.0021554 0.0022545 0.0015631 0.0019575 0.0025534 0.0026515 0.0031487 0.0031485 0.0033478 0.0018595 0.0016236 
MW164665|13pool5873|culex_pipiens|IT|2013-08-13     0.0028490 0.0019586 0.0004856 0.0002914 0.0001943 0.0000000 0.0003887 0.0006814 0.0010721 0.0013667 0.0012691 0.0011710 0.0015634 0.0016613 0.0016611 0.0018583 0.0020556 0.0023521 0.0023521 0.0024513 0.0017586 0.0021540 0.0027507 0.0028489 0.0033466 0.0033463 0.0035458 0.0020559 0.0017598 
MW164650|12pool2586|culex_pipiens|IT|2012-08-23     0.0028494 0.0019589 0.0004857 0.0002915 0.0001943 0.0003887 0.0000000 0.0004859 0.0010723 0.0013669 0.0012691 0.0011711 0.0015636 0.0016615 0.0016613 0.0018586 0.0020559 0.0023525 0.0023525 0.0024517 0.0017589 0.0021543 0.0027511 0.0028493 0.0033471 0.0033468 0.0035463 0.0020562 0.0018965 
MW164667|13pool6009|culex_pipiens|IT|2013-08-21     0.0031488 0.0022561 0.0007785 0.0005838 0.0004861 0.0006814 0.0004859 0.0000000 0.0013667 0.0016619 0.0015631 0.0014660 0.0018595 0.0019581 0.0019579 0.0021552 0.0023531 0.0026505 0.0026505 0.0027500 0.0020559 0.0024518 0.0030502 0.0031487 0.0036476 0.0036474 0.0038472 0.0023534 0.0020340 
MW164656|12VIR6787-11|alauda_arvensis|IT|2012-09-03 0.0027498 0.0018600 0.0011702 0.0009742 0.0008769 0.0010721 0.0010723 0.0013667 0.0000000 0.0012691 0.0011702 0.0010730 0.0014652 0.0015632 0.0015630 0.0017591 0.0019571 0.0022533 0.0022533 0.0023524 0.0016606 0.0020554 0.0026516 0.0027497 0.0032470 0.0032468 0.0034461 0.0019573 0.0014870 
MW164655|12VIR6787-10|alauda_arvensis|IT|2012-09-03 0.0030492 0.0021571 0.0014650 0.0012691 0.0011711 0.0013667 0.0013669 0.0016619 0.0012691 0.0000000 0.0002915 0.0013678 0.0017610 0.0018595 0.0018593 0.0020565 0.0022542 0.0025513 0.0025513 0.0026507 0.0019572 0.0023528 0.0029507 0.0030491 0.0035477 0.0035474 0.0037472 0.0022545 0.0018972 
MW164657|12VIR6787-9|alauda_arvensis|IT|2012-09-03  0.0029486 0.0020575 0.0013663 0.0011701 0.0010722 0.0012691 0.0012691 0.0015631 0.0011702 0.0002915 0.0000000 0.0012691 0.0016619 0.0017595 0.0017593 0.0019570 0.0021545 0.0022533 0.0022533 0.0025506 0.0018580 0.0022530 0.0028502 0.0029485 0.0034466 0.0034463 0.0036459 0.0021548 0.0016225 
MW164646|12pool2249|culex_pipiens|IT|2012-08-07     0.0028513 0.0019602 0.0012691 0.0010729 0.0009755 0.0011710 0.0011711 0.0014660 0.0010730 0.0013678 0.0012691 0.0000000 0.0013679 0.0016626 0.0016624 0.0018598 0.0020573 0.0021561 0.0021561 0.0024533 0.0017601 0.0021558 0.0027530 0.0028512 0.0033493 0.0033491 0.0035487 0.0020575 0.0017616 
MW164659|13pool5600|culex_pipiens|IT|2013-08-07     0.0032483 0.0023553 0.0016619 0.0014651 0.0013675 0.0015634 0.0015636 0.0018595 0.0014652 0.0017610 0.0016619 0.0013679 0.0000000 0.0019583 0.0019581 0.0021554 0.0023533 0.0026505 0.0026505 0.0027500 0.0020561 0.0024519 0.0031511 0.0032482 0.0037489 0.0037486 0.0039490 0.0024526 0.0018973 
MW164649|12pool2412|culex_pipiens|IT|2012-08-22     0.0033485 0.0024544 0.0017596 0.0015631 0.0014656 0.0016613 0.0016615 0.0019581 0.0015632 0.0018595 0.0017595 0.0016626 0.0019583 0.0000000 0.0015635 0.0017598 0.0019577 0.0022541 0.0022541 0.0023532 0.0016611 0.0020561 0.0032497 0.0033484 0.0038479 0.0038477 0.0040491 0.0025518 0.0014868 
MW164674|14pool1419|culex_pipiens|IT|2014-08-26     0.0033481 0.0024541 0.0017594 0.0015629 0.0014655 0.0016611 0.0016613 0.0019579 0.0015630 0.0018593 0.0017593 0.0016624 0.0019581 0.0015635 0.0000000 0.0003886 0.0005836 0.0008764 0.0008764 0.0009743 0.0012691 0.0016610 0.0032493 0.0033480 0.0038475 0.0038472 0.0040486 0.0025515 0.0002686 
MW164680|14pool1698|culex_pipiens|IT|2014-09-23     0.0035474 0.0026523 0.0019571 0.0017590 0.0016617 0.0018583 0.0018586 0.0021552 0.0017591 0.0020565 0.0019570 0.0018598 0.0021554 0.0017598 0.0003886 0.0000000 0.0007779 0.0010720 0.0010720 0.0011700 0.0014644 0.0018583 0.0034497 0.0035473 0.0040486 0.0040484 0.0042492 0.0027497 0.0002686 
MW164698|16pool1777|culex_pipiens|IT|2016-07-25     0.0037475 0.0028512 0.0021546 0.0019569 0.0018592 0.0020556 0.0020559 0.0023531 0.0019571 0.0022542 0.0021545 0.0020573 0.0023533 0.0019577 0.0005836 0.0007779 0.0000000 0.0012680 0.0012680 0.0013662 0.0016607 0.0020556 0.0036499 0.0037474 0.0042498 0.0042495 0.0044506 0.0029486 0.0006734 
MW164695|15VIR4781-42|turdus_merula|IT|2015-09-15   0.0040490 0.0031499 0.0024514 0.0022532 0.0021554 0.0023521 0.0023525 0.0026505 0.0022533 0.0025513 0.0022533 0.0021561 0.0026505 0.0022541 0.0008764 0.0010720 0.0012680 0.0000000 0.0000010 0.0016605 0.0019567 0.0023521 0.0039507 0.0040489 0.0045519 0.0045515 0.0047531 0.0032473 0.0006734 
MW164696|15VIR4781-43|turdus_merula|IT|2015-09-15   0.0040490 0.0031499 0.0024514 0.0022532 0.0021554 0.0023521 0.0023525 0.0026505 0.0022533 0.0025513 0.0022533 0.0021561 0.0026505 0.0022541 0.0008764 0.0010720 0.0012680 0.0000010 0.0000000 0.0016605 0.0019567 0.0023521 0.0039507 0.0040489 0.0045519 0.0045515 0.0047531 0.0032473 0.0006734 
MW164705|16pool2336|culex_pipiens|IT|2016-08-29     0.0041498 0.0032499 0.0025506 0.0023523 0.0022545 0.0024513 0.0024517 0.0027500 0.0023524 0.0026507 0.0025506 0.0024533 0.0027500 0.0023532 0.0009743 0.0011700 0.0013662 0.0016605 0.0016605 0.0000000 0.0018584 0.0022536 0.0038510 0.0039492 0.0044518 0.0044515 0.0046530 0.0033472 0.0008087 
MW164689|15pool1503|culex_pipiens|IT|2015-08-10     0.0034467 0.0023541 0.0018580 0.0016605 0.0015631 0.0017586 0.0017589 0.0020559 0.0016606 0.0019572 0.0018580 0.0017601 0.0020561 0.0016611 0.0012691 0.0014644 0.0016607 0.0019567 0.0019567 0.0018584 0.0000000 0.0011701 0.0029497 0.0030481 0.0035465 0.0035462 0.0037459 0.0026498 0.0012154 
MW164702|16pool2106|culex_pipiens|IT|2016-08-16     0.0038468 0.0027512 0.0022531 0.0020553 0.0019575 0.0021540 0.0021543 0.0024518 0.0020554 0.0023528 0.0022530 0.0021558 0.0024519 0.0020561 0.0016610 0.0018583 0.0020556 0.0023521 0.0023521 0.0022536 0.0011701 0.0000000 0.0033495 0.0034472 0.0039480 0.0039477 0.0041483 0.0030475 0.0017598 
MW164647|12pool2262|culex_pipiens|IT|2012-08-07     0.0024529 0.0021569 0.0028503 0.0026514 0.0025534 0.0027507 0.0027511 0.0030502 0.0026516 0.0029507 0.0028502 0.0027530 0.0031511 0.0032497 0.0032493 0.0034497 0.0036499 0.0039507 0.0039507 0.0038510 0.0029497 0.0033495 0.0000000 0.0000962 0.0005837 0.0013669 0.0015634 0.0015638 0.0031342 
MW164653|12pool2653|culex_pipiens|IT|2012-09-05     0.0025509 0.0022548 0.0029486 0.0027495 0.0026515 0.0028489 0.0028493 0.0031487 0.0027497 0.0030491 0.0029485 0.0028512 0.0032482 0.0033484 0.0033480 0.0035473 0.0037474 0.0040489 0.0040489 0.0039492 0.0030481 0.0034472 0.0000962 0.0000000 0.0006811 0.0014643 0.0016605 0.0017591 0.0031319 
MW164677|14pool1489|culex_pipiens|IT|2014-09-02     0.0030474 0.0027504 0.0034467 0.0032468 0.0031487 0.0033466 0.0033471 0.0036476 0.0032470 0.0035477 0.0034466 0.0033493 0.0037489 0.0038479 0.0038475 0.0040486 0.0042498 0.0045519 0.0045519 0.0044518 0.0035465 0.0039480 0.0005837 0.0006811 0.0000000 0.0019564 0.0021537 0.0022531 0.0038240 
MW164651|12pool2626|culex_pipiens|IT|2012-09-05     0.0030472 0.0027502 0.0034464 0.0032466 0.0031485 0.0033463 0.0033468 0.0036474 0.0032468 0.0035474 0.0034463 0.0033491 0.0037486 0.0038477 0.0038472 0.0040484 0.0042495 0.0045515 0.0045515 0.0044515 0.0035462 0.0039477 0.0013669 0.0014643 0.0019564 0.0000000 0.0007780 0.0022530 0.0034074 
MW164666|13pool5999|culex_pipiens|IT|2013-08-21     0.0032462 0.0029489 0.0036460 0.0034459 0.0033478 0.0035458 0.0035463 0.0038472 0.0034461 0.0037472 0.0036459 0.0035487 0.0039490 0.0040491 0.0040486 0.0042492 0.0044506 0.0047531 0.0047531 0.0046530 0.0037459 0.0041483 0.0015634 0.0016605 0.0021537 0.0007780 0.0000000 0.0024508 0.0036835 
JF266698|NA|turdus_merula|IT|2009                   0.0017591 0.0016618 0.0021548 0.0019572 0.0018595 0.0020559 0.0020562 0.0023534 0.0019573 0.0022545 0.0021548 0.0020575 0.0024526 0.0025518 0.0025515 0.0027497 0.0029486 0.0032473 0.0032473 0.0033472 0.0026498 0.0030475 0.0015638 0.0017591 0.0022531 0.0022530 0.0024508 0.0000000 0.0024433 
MW164675|14pool1423|culex_pipiens|IT|2014-08-26     0.0034071 0.0023086 0.0018963 0.0017597 0.0016236 0.0017598 0.0018965 0.0020340 0.0014870 0.0018972 0.0016225 0.0017616 0.0018973 0.0014868 0.0002686 0.0002686 0.0006734 0.0006734 0.0006734 0.0008087 0.0012154 0.0017598 0.0031342 0.0031319 0.0038240 0.0034074 0.0036835 0.0024433 0.0000000 
