107
PP482816|Cx1-batch2_Zen-Pets-Res_2023-08-03|culex_pipiens|FR|2023-08-03 0.0000000 0.0075591 0.0054976 0.0054973 0.0061472 0.0064738 0.0057096 0.0064727 0.0085615 0.0081189 0.0076710 0.0072340 0.0067978 0.0073437 0.0076712 0.0073422 0.0072340 0.0074532 0.0076709 0.0078909 0.0074555 0.0080018 0.0080029 0.0073425 0.0081127 0.0079994 0.0083253 0.0086570 0.0090987 0.0088774 0.0089874 0.0085462 0.0083263 0.0083268 0.0099914 0.0097686 0.0082162 0.0086573 0.0085467 0.0088775 0.0087664 0.0069038 0.0086643 0.0088843 0.0097624 0.0077766 0.0069020 0.0070137 0.0076680 0.0081050 0.0074471 0.0082141 0.0082140 0.0077792 0.0083231 0.0087625 0.0077809 0.0081957 0.0077756 0.0074471 0.0076657 0.0079938 0.0071194 0.0076656 0.0078845 0.0078874 0.0077757 0.0072285 0.0067927 0.0072308 0.0074489 0.0081056 0.0083257 0.0072277 0.0076643 0.0081056 0.0084331 0.0082211 0.0073382 0.0074537 0.0078835 0.0069020 0.0081074 0.0083337 0.0072286 0.0077743 0.0075585 0.0086562 0.0085478 0.0076748 0.0062513 0.0086665 0.0096085 0.0075705 0.0075524 0.0072556 0.0084773 0.0086891 0.0088952 0.0092927 0.0089424 0.0083919 0.0074334 0.0088602 0.0093343 0.0089320 0.0089189 
PQ677887|Ar2|alectoris_rufa|PT|2023-11-05                               0.0075591 0.0000000 0.0064613 0.0052452 0.0056503 0.0063614 0.0059504 0.0061573 0.0083144 0.0079004 0.0074820 0.0070727 0.0065628 0.0070734 0.0076871 0.0074813 0.0070727 0.0072778 0.0072765 0.0079960 0.0072802 0.0082031 0.0081006 0.0071746 0.0077923 0.0076865 0.0081969 0.0085103 0.0090281 0.0086137 0.0087167 0.0084066 0.0082006 0.0081983 0.0097566 0.0096518 0.0081974 0.0085081 0.0083043 0.0086138 0.0085098 0.0067636 0.0084112 0.0085135 0.0091267 0.0071719 0.0064574 0.0066628 0.0072751 0.0074783 0.0065590 0.0076823 0.0073750 0.0071740 0.0076818 0.0082984 0.0070735 0.0077639 0.0069669 0.0065590 0.0069666 0.0073746 0.0065590 0.0072722 0.0073750 0.0073772 0.0072730 0.0066604 0.0062537 0.0067644 0.0068660 0.0077855 0.0080973 0.0069658 0.0073742 0.0078896 0.0079902 0.0073808 0.0066631 0.0067683 0.0072722 0.0064574 0.0074803 0.0076909 0.0066609 0.0072721 0.0071728 0.0084043 0.0077887 0.0071783 0.0063557 0.0086226 0.0096101 0.0074878 0.0070582 0.0067819 0.0083264 0.0082832 0.0091641 0.0086150 0.0088030 0.0077257 0.0068967 0.0092037 0.0091252 0.0088680 0.0079245 
PP482815|AeDet2-batch3_Nansouty_2023-08-18|culex_sp|FR|2023-08-18       0.0054976 0.0064613 0.0000000 0.0047433 0.0053490 0.0056535 0.0043390 0.0056523 0.0073921 0.0069808 0.0067691 0.0061590 0.0058542 0.0063623 0.0068711 0.0067685 0.0061590 0.0063628 0.0065654 0.0070766 0.0065680 0.0072824 0.0071804 0.0064632 0.0070778 0.0069728 0.0074811 0.0077927 0.0081016 0.0078956 0.0079981 0.0076895 0.0074845 0.0074824 0.0090330 0.0089287 0.0074815 0.0077907 0.0075877 0.0078956 0.0077923 0.0058522 0.0076937 0.0077956 0.0086133 0.0066638 0.0059518 0.0061564 0.0067667 0.0069693 0.0062562 0.0071727 0.0070708 0.0066658 0.0071723 0.0079917 0.0065656 0.0072488 0.0066634 0.0062562 0.0064594 0.0070705 0.0060530 0.0065608 0.0068664 0.0068684 0.0067647 0.0061542 0.0057488 0.0062576 0.0063589 0.0072755 0.0075861 0.0064586 0.0068657 0.0071743 0.0072746 0.0070764 0.0063601 0.0060580 0.0067640 0.0059518 0.0069712 0.0071807 0.0063572 0.0067639 0.0066647 0.0078922 0.0072785 0.0064665 0.0056485 0.0079037 0.0084383 0.0063342 0.0064410 0.0063698 0.0075418 0.0078205 0.0083899 0.0079532 0.0081508 0.0073053 0.0064418 0.0087214 0.0086649 0.0077326 0.0076179 
KY294722|S-1232|turdus_merula|DE|2016                                   0.0054973 0.0052452 0.0047433 0.0000000 0.0005829 0.0012678 0.0041395 0.0026469 0.0063688 0.0059608 0.0055499 0.0051461 0.0046430 0.0051466 0.0055504 0.0053478 0.0051461 0.0053483 0.0055496 0.0060569 0.0053501 0.0062609 0.0061597 0.0052467 0.0058555 0.0057519 0.0062563 0.0065645 0.0070752 0.0066665 0.0067681 0.0064623 0.0062590 0.0060541 0.0075880 0.0074849 0.0060541 0.0065629 0.0063612 0.0066665 0.0065641 0.0048420 0.0064658 0.0065669 0.0073784 0.0054462 0.0047405 0.0049430 0.0055480 0.0057490 0.0050422 0.0059508 0.0058497 0.0054478 0.0059505 0.0067628 0.0053481 0.0060137 0.0054458 0.0050422 0.0052436 0.0058495 0.0048409 0.0055457 0.0056472 0.0056488 0.0055464 0.0049412 0.0045394 0.0050434 0.0051439 0.0060526 0.0063599 0.0052431 0.0056466 0.0061552 0.0062550 0.0058543 0.0051448 0.0050463 0.0055458 0.0047405 0.0057506 0.0059574 0.0049410 0.0055457 0.0053461 0.0066637 0.0060551 0.0054510 0.0039399 0.0066733 0.0074892 0.0053976 0.0054144 0.0052357 0.0067573 0.0067744 0.0071751 0.0069610 0.0067149 0.0060428 0.0055366 0.0076301 0.0076230 0.0069072 0.0063865 
KY199557|NA|turdus_merula|DE|2016                                       0.0061472 0.0056503 0.0053490 0.0005829 0.0000000 0.0018573 0.0047421 0.0032427 0.0069826 0.0065726 0.0061592 0.0057536 0.0052482 0.0057541 0.0061597 0.0059562 0.0057536 0.0059567 0.0061588 0.0066686 0.0059587 0.0068736 0.0067720 0.0058546 0.0064664 0.0063621 0.0068685 0.0071784 0.0076915 0.0072809 0.0073830 0.0070757 0.0068716 0.0066655 0.0082067 0.0081032 0.0066655 0.0071766 0.0069743 0.0072810 0.0071781 0.0054478 0.0070796 0.0071811 0.0079959 0.0060547 0.0053457 0.0055493 0.0061570 0.0063589 0.0056489 0.0065615 0.0064600 0.0060565 0.0065611 0.0073771 0.0059565 0.0066310 0.0060543 0.0056489 0.0058511 0.0064597 0.0054465 0.0061546 0.0062565 0.0062583 0.0061552 0.0055473 0.0051436 0.0056501 0.0057510 0.0066638 0.0069729 0.0058505 0.0062559 0.0067670 0.0068671 0.0064651 0.0057521 0.0056534 0.0061546 0.0053457 0.0063606 0.0065688 0.0055471 0.0061545 0.0059543 0.0072778 0.0066666 0.0060601 0.0045416 0.0072884 0.0080193 0.0059194 0.0060305 0.0058540 0.0072038 0.0072370 0.0077243 0.0075099 0.0072340 0.0065661 0.0058754 0.0081125 0.0080836 0.0075260 0.0070021 
MN122238|AS201800115|turdus_merula|NL|2018-08-15                        0.0064738 0.0063614 0.0056535 0.0012678 0.0018573 0.0000000 0.0052462 0.0037412 0.0072915 0.0068805 0.0064650 0.0060591 0.0057545 0.0062624 0.0066695 0.0064652 0.0060591 0.0062628 0.0064654 0.0069764 0.0064680 0.0071820 0.0070801 0.0063632 0.0069775 0.0068726 0.0073808 0.0076921 0.0082072 0.0077950 0.0078974 0.0075890 0.0073840 0.0071770 0.0087244 0.0086204 0.0071770 0.0076902 0.0074872 0.0077950 0.0076917 0.0057525 0.0075931 0.0076950 0.0085124 0.0065638 0.0058521 0.0060566 0.0066666 0.0068691 0.0061564 0.0070725 0.0069706 0.0065658 0.0070721 0.0078911 0.0064655 0.0071475 0.0065634 0.0061564 0.0063594 0.0069703 0.0059533 0.0064608 0.0067663 0.0067683 0.0066647 0.0060544 0.0056492 0.0061578 0.0062591 0.0071752 0.0074856 0.0063587 0.0067656 0.0072789 0.0073792 0.0069761 0.0062602 0.0059581 0.0066640 0.0058521 0.0068710 0.0070804 0.0058512 0.0066639 0.0064631 0.0077917 0.0071782 0.0063665 0.0046429 0.0078030 0.0086567 0.0063383 0.0065460 0.0063713 0.0077689 0.0080562 0.0083926 0.0081774 0.0080225 0.0072017 0.0067875 0.0088457 0.0089000 0.0078374 0.0075171 
MT863562|HauteVienne4997/France/2018|turdus_merula|FR|2018-07-24        0.0057096 0.0059504 0.0043390 0.0041395 0.0047421 0.0052462 0.0000000 0.0050440 0.0073866 0.0069757 0.0065610 0.0061545 0.0056481 0.0061551 0.0064597 0.0063575 0.0061545 0.0063581 0.0065606 0.0070714 0.0063603 0.0072770 0.0071752 0.0062558 0.0068690 0.0067643 0.0072716 0.0075823 0.0078906 0.0076851 0.0077873 0.0074794 0.0072748 0.0072728 0.0088199 0.0087159 0.0070682 0.0075804 0.0073778 0.0076851 0.0075820 0.0058479 0.0072784 0.0075852 0.0084013 0.0064561 0.0057456 0.0059496 0.0065587 0.0067608 0.0060493 0.0069639 0.0068621 0.0064580 0.0069635 0.0077811 0.0061552 0.0070376 0.0064557 0.0060493 0.0062520 0.0068619 0.0058466 0.0065560 0.0066583 0.0066602 0.0065568 0.0059475 0.0055430 0.0060507 0.0061518 0.0070664 0.0073763 0.0062513 0.0066575 0.0069655 0.0072701 0.0068676 0.0061529 0.0058513 0.0063533 0.0057456 0.0067627 0.0069716 0.0061502 0.0065560 0.0064569 0.0076818 0.0066617 0.0062590 0.0050400 0.0076929 0.0083303 0.0064366 0.0064369 0.0061590 0.0075362 0.0078144 0.0081626 0.0078372 0.0081430 0.0068793 0.0066670 0.0087143 0.0086582 0.0079327 0.0074072 
MK419834|USU-BE-Scoter/2018|melanitta_nigra|BE|2018-08                  0.0064727 0.0061573 0.0056523 0.0026469 0.0032427 0.0037412 0.0050440 0.0000000 0.0070848 0.0066745 0.0062607 0.0058548 0.0053490 0.0058553 0.0062612 0.0060575 0.0058548 0.0060581 0.0062603 0.0067704 0.0060601 0.0069757 0.0068739 0.0059559 0.0065682 0.0064637 0.0069705 0.0072807 0.0077941 0.0073832 0.0074854 0.0071779 0.0069736 0.0065633 0.0083097 0.0082061 0.0067673 0.0072788 0.0070764 0.0073833 0.0072803 0.0055488 0.0071818 0.0070785 0.0080986 0.0063595 0.0056489 0.0058530 0.0064621 0.0066643 0.0059527 0.0068673 0.0067656 0.0063614 0.0068669 0.0076847 0.0062612 0.0069401 0.0063591 0.0059527 0.0061554 0.0067653 0.0057499 0.0064595 0.0065617 0.0065636 0.0064602 0.0058509 0.0054463 0.0059540 0.0060552 0.0069699 0.0072797 0.0061547 0.0065610 0.0070734 0.0071736 0.0067710 0.0060563 0.0059575 0.0064595 0.0056489 0.0066661 0.0068750 0.0058507 0.0062559 0.0062589 0.0073801 0.0069728 0.0063651 0.0047425 0.0073908 0.0083368 0.0062322 0.0062365 0.0061637 0.0072064 0.0068919 0.0079482 0.0076201 0.0072364 0.0069898 0.0063313 0.0079912 0.0079714 0.0076290 0.0071054 
NA|AS20190490|turdus_merula|NL|2019-08-27                               0.0085615 0.0083144 0.0073921 0.0063688 0.0069826 0.0072915 0.0073866 0.0070848 0.0000000 0.0019587 0.0031487 0.0011708 0.0022559 0.0027515 0.0039467 0.0037464 0.0013668 0.0015633 0.0021556 0.0020556 0.0025520 0.0022533 0.0025520 0.0030468 0.0030480 0.0027492 0.0032445 0.0035449 0.0040449 0.0036448 0.0037445 0.0034450 0.0032459 0.0034443 0.0047480 0.0046471 0.0032447 0.0035441 0.0031466 0.0036448 0.0035448 0.0020575 0.0034469 0.0035462 0.0043434 0.0054532 0.0049476 0.0051512 0.0055551 0.0057565 0.0050487 0.0057556 0.0058573 0.0052525 0.0059582 0.0067716 0.0053550 0.0059168 0.0054529 0.0050487 0.0050490 0.0058571 0.0048471 0.0053512 0.0056545 0.0056561 0.0055535 0.0049476 0.0045452 0.0050499 0.0051505 0.0060605 0.0065722 0.0052498 0.0056539 0.0061632 0.0062631 0.0058619 0.0051514 0.0050528 0.0055529 0.0049476 0.0057580 0.0059651 0.0051491 0.0053505 0.0054539 0.0062645 0.0058597 0.0052562 0.0070800 0.0036484 0.0045727 0.0017086 0.0054215 0.0050371 0.0034496 0.0036866 0.0038109 0.0039213 0.0040169 0.0057344 0.0052033 0.0041745 0.0044358 0.0032633 0.0063949 
NA|AS20190438|gracula_religiosa|NL|2019-09-12                           0.0081189 0.0079004 0.0069808 0.0059608 0.0065726 0.0068805 0.0069757 0.0066745 0.0019587 0.0000000 0.0027506 0.0007784 0.0018606 0.0023545 0.0035462 0.0033465 0.0009747 0.0011706 0.0017608 0.0016614 0.0019587 0.0018584 0.0021558 0.0026494 0.0026504 0.0023526 0.0028466 0.0031459 0.0036442 0.0032454 0.0033448 0.0030463 0.0028478 0.0030457 0.0043451 0.0042446 0.0028468 0.0031452 0.0027488 0.0032455 0.0031458 0.0016629 0.0030479 0.0031471 0.0039420 0.0050483 0.0045443 0.0047471 0.0051498 0.0053506 0.0046451 0.0053498 0.0054512 0.0048481 0.0055518 0.0063627 0.0049501 0.0056107 0.0050479 0.0046451 0.0046453 0.0054509 0.0044441 0.0049466 0.0052490 0.0050486 0.0051483 0.0045443 0.0041431 0.0046461 0.0047465 0.0056537 0.0061636 0.0048456 0.0052485 0.0057560 0.0058558 0.0054554 0.0047473 0.0046488 0.0051478 0.0045443 0.0053520 0.0055582 0.0047452 0.0049460 0.0050489 0.0058570 0.0054534 0.0048514 0.0066700 0.0032487 0.0041592 0.0013044 0.0050115 0.0046263 0.0033399 0.0036874 0.0037044 0.0037072 0.0040179 0.0055265 0.0048661 0.0042951 0.0044368 0.0028630 0.0059852 
NA|AS201700148|strix_nebulosa|NL|2017-07-31                             0.0076710 0.0074820 0.0067691 0.0055499 0.0061592 0.0064650 0.0065610 0.0062607 0.0031487 0.0027506 0.0000000 0.0019573 0.0014654 0.0015626 0.0031446 0.0029458 0.0021544 0.0023521 0.0025498 0.0028474 0.0023528 0.0030464 0.0029472 0.0024507 0.0028478 0.0025497 0.0030442 0.0033439 0.0038428 0.0034435 0.0035430 0.0032442 0.0030455 0.0032435 0.0045445 0.0044438 0.0030443 0.0033431 0.0031451 0.0034435 0.0033437 0.0018581 0.0032459 0.0033451 0.0041408 0.0046411 0.0041391 0.0043410 0.0047422 0.0049423 0.0042395 0.0051430 0.0050425 0.0044416 0.0051427 0.0059505 0.0045431 0.0051972 0.0046408 0.0042395 0.0044398 0.0050423 0.0040393 0.0047403 0.0048411 0.0048425 0.0047408 0.0041391 0.0037396 0.0042405 0.0043404 0.0052442 0.0057520 0.0044393 0.0048406 0.0053461 0.0054455 0.0050464 0.0043412 0.0042429 0.0047403 0.0041391 0.0049436 0.0051487 0.0043393 0.0045394 0.0046417 0.0054467 0.0050446 0.0046452 0.0064593 0.0034469 0.0043639 0.0025205 0.0045993 0.0042137 0.0035570 0.0036860 0.0038103 0.0038132 0.0038891 0.0052084 0.0048611 0.0042934 0.0044351 0.0036621 0.0055726 
MT795154|NA|turdus_merula|DE|2016-09-30                                 0.0072340 0.0070727 0.0061590 0.0051461 0.0057536 0.0060591 0.0061545 0.0058548 0.0011708 0.0007784 0.0019573 0.0000000 0.0010731 0.0015638 0.0027477 0.0025494 0.0001940 0.0003883 0.0009745 0.0008762 0.0013668 0.0010719 0.0013667 0.0018573 0.0018580 0.0015625 0.0020535 0.0023505 0.0028454 0.0024493 0.0025481 0.0022516 0.0020544 0.0022511 0.0035415 0.0034417 0.0020537 0.0023499 0.0019560 0.0024493 0.0023504 0.0008771 0.0022528 0.0023513 0.0031416 0.0042400 0.0037396 0.0039407 0.0043408 0.0045404 0.0038397 0.0045397 0.0046404 0.0040410 0.0047404 0.0055458 0.0041422 0.0047905 0.0042398 0.0038397 0.0038399 0.0046402 0.0036401 0.0041392 0.0044396 0.0044409 0.0043396 0.0037396 0.0033412 0.0038405 0.0039402 0.0048415 0.0053476 0.0040389 0.0044391 0.0049430 0.0050423 0.0046440 0.0039409 0.0038427 0.0043391 0.0037396 0.0045416 0.0047458 0.0039392 0.0041387 0.0042406 0.0050434 0.0046423 0.0040438 0.0058508 0.0024517 0.0033345 0.0004992 0.0041933 0.0038069 0.0024677 0.0027815 0.0029525 0.0028481 0.0031252 0.0046891 0.0040762 0.0033513 0.0035342 0.0020653 0.0051671 
KM659877|NA|turdus_merula|DE|2014-09-11                                 0.0067978 0.0065628 0.0058542 0.0046430 0.0052482 0.0057545 0.0056481 0.0053490 0.0022559 0.0018606 0.0014654 0.0010731 0.0000000 0.0010732 0.0022530 0.0020555 0.0012690 0.0014654 0.0016619 0.0019575 0.0014659 0.0021551 0.0020565 0.0015635 0.0019578 0.0016618 0.0021535 0.0024509 0.0029466 0.0025499 0.0026488 0.0023519 0.0021544 0.0023514 0.0036437 0.0035437 0.0021536 0.0024503 0.0022534 0.0025499 0.0024508 0.0009749 0.0023531 0.0024518 0.0032431 0.0037404 0.0032418 0.0034420 0.0038407 0.0040397 0.0033415 0.0042393 0.0041394 0.0035419 0.0042390 0.0050417 0.0036426 0.0042838 0.0037401 0.0033415 0.0035405 0.0041392 0.0031426 0.0038392 0.0039393 0.0039404 0.0038396 0.0032418 0.0028448 0.0033423 0.0034416 0.0043397 0.0048438 0.0035401 0.0039389 0.0044408 0.0045398 0.0041426 0.0034422 0.0033442 0.0038392 0.0032418 0.0040408 0.0042439 0.0034407 0.0036396 0.0037409 0.0045408 0.0041410 0.0037436 0.0055470 0.0025524 0.0034392 0.0016079 0.0036875 0.0033000 0.0026864 0.0027835 0.0029546 0.0028501 0.0031278 0.0042751 0.0038530 0.0033539 0.0035368 0.0027625 0.0046619 
KY426761|NA|turdus_merula|DE|2016-09-04                                 0.0073437 0.0070734 0.0063623 0.0051466 0.0057541 0.0062624 0.0061551 0.0058553 0.0027515 0.0023545 0.0015626 0.0015638 0.0010732 0.0000000 0.0027479 0.0025496 0.0017603 0.0019575 0.0021547 0.0024514 0.0019581 0.0026498 0.0025508 0.0020559 0.0024518 0.0021546 0.0026479 0.0029466 0.0034441 0.0030459 0.0031452 0.0028472 0.0026490 0.0028465 0.0041438 0.0040434 0.0026480 0.0029459 0.0027483 0.0030459 0.0029464 0.0014650 0.0028487 0.0029476 0.0037414 0.0042404 0.0037399 0.0037412 0.0043412 0.0045408 0.0038400 0.0047411 0.0046408 0.0040414 0.0047408 0.0055463 0.0041425 0.0047909 0.0042402 0.0038400 0.0040398 0.0046406 0.0036404 0.0043395 0.0044400 0.0044413 0.0043400 0.0037399 0.0033415 0.0038409 0.0039406 0.0048419 0.0053481 0.0040393 0.0044395 0.0049434 0.0050427 0.0046444 0.0039413 0.0038431 0.0043395 0.0037399 0.0045420 0.0047463 0.0039396 0.0041391 0.0042410 0.0050438 0.0046427 0.0042441 0.0060536 0.0028501 0.0039525 0.0021143 0.0041937 0.0038072 0.0032302 0.0033473 0.0034892 0.0033847 0.0037623 0.0046895 0.0044126 0.0039408 0.0040980 0.0032619 0.0051676 
MN122231|AS201800100|turdus_merula|NL|2018-08-07                        0.0076712 0.0076871 0.0068711 0.0055504 0.0061597 0.0066695 0.0064597 0.0062612 0.0039467 0.0035462 0.0031446 0.0027477 0.0022530 0.0027479 0.0000000 0.0015625 0.0027477 0.0029463 0.0033435 0.0036428 0.0029472 0.0038430 0.0037433 0.0030453 0.0034442 0.0033433 0.0038402 0.0041420 0.0046438 0.0042422 0.0043423 0.0040417 0.0038419 0.0040408 0.0053496 0.0052483 0.0036412 0.0041410 0.0039421 0.0042422 0.0041418 0.0024497 0.0040438 0.0041435 0.0049431 0.0048421 0.0043393 0.0045416 0.0049433 0.0051437 0.0044399 0.0053447 0.0052440 0.0046423 0.0053444 0.0061533 0.0047441 0.0054010 0.0048417 0.0044399 0.0046405 0.0052438 0.0042394 0.0049414 0.0050424 0.0050438 0.0049419 0.0043393 0.0039392 0.0044409 0.0045410 0.0054460 0.0059546 0.0046399 0.0050418 0.0055481 0.0056476 0.0052481 0.0045418 0.0044435 0.0049414 0.0043393 0.0051450 0.0053506 0.0045398 0.0047401 0.0048427 0.0056488 0.0052462 0.0048463 0.0064598 0.0042465 0.0050867 0.0030300 0.0048028 0.0044176 0.0044326 0.0042531 0.0047789 0.0044586 0.0043966 0.0054167 0.0050862 0.0050021 0.0053386 0.0044663 0.0057758 
MN122232|AS201800101|turdus_merula|NL|2018-08-07                        0.0073422 0.0074813 0.0067685 0.0053478 0.0059562 0.0064652 0.0063575 0.0060575 0.0037464 0.0033465 0.0029458 0.0025494 0.0020555 0.0025496 0.0015625 0.0000000 0.0025494 0.0027476 0.0031443 0.0034431 0.0027485 0.0036430 0.0035435 0.0028465 0.0032448 0.0031442 0.0036404 0.0039416 0.0044426 0.0040417 0.0041416 0.0038415 0.0036419 0.0038406 0.0051473 0.0050461 0.0034416 0.0039407 0.0037420 0.0040417 0.0039414 0.0022519 0.0038435 0.0039430 0.0047415 0.0046407 0.0041388 0.0043406 0.0047418 0.0049418 0.0042392 0.0049411 0.0048407 0.0042406 0.0049408 0.0059500 0.0045427 0.0051967 0.0046404 0.0042392 0.0044394 0.0048405 0.0040390 0.0045390 0.0046397 0.0046410 0.0045395 0.0041388 0.0037392 0.0042401 0.0043401 0.0050421 0.0055489 0.0044389 0.0048402 0.0053456 0.0052431 0.0048445 0.0043408 0.0042426 0.0047399 0.0041388 0.0049432 0.0051482 0.0043389 0.0043384 0.0046413 0.0054462 0.0050441 0.0046448 0.0062559 0.0040457 0.0048792 0.0028256 0.0043956 0.0040096 0.0043224 0.0041392 0.0045626 0.0042426 0.0045241 0.0052080 0.0049732 0.0048829 0.0052248 0.0042643 0.0055721 
MN122185|AS201600284|turdus_merula|NL|2016-10-03                        0.0072340 0.0070727 0.0061590 0.0051461 0.0057536 0.0060591 0.0061545 0.0058548 0.0013668 0.0009747 0.0021544 0.0001940 0.0012690 0.0017603 0.0027477 0.0025494 0.0000000 0.0003883 0.0009745 0.0010716 0.0013668 0.0012676 0.0015629 0.0020541 0.0018580 0.0017589 0.0022505 0.0025480 0.0030436 0.0026470 0.0027459 0.0024490 0.0022515 0.0024484 0.0037407 0.0036407 0.0022507 0.0025474 0.0021529 0.0026470 0.0025478 0.0010726 0.0024502 0.0025489 0.0033401 0.0042400 0.0037396 0.0039407 0.0043408 0.0045404 0.0038397 0.0045397 0.0046404 0.0040410 0.0047404 0.0055458 0.0041422 0.0047905 0.0042398 0.0038397 0.0038399 0.0046402 0.0036401 0.0041392 0.0044396 0.0044409 0.0043396 0.0037396 0.0033412 0.0038405 0.0039402 0.0048415 0.0053476 0.0040389 0.0044391 0.0049430 0.0050423 0.0046440 0.0039409 0.0038427 0.0043391 0.0037396 0.0045416 0.0047458 0.0039392 0.0041387 0.0042406 0.0050434 0.0046423 0.0040438 0.0058508 0.0026496 0.0035389 0.0004992 0.0041933 0.0038069 0.0026841 0.0027815 0.0031656 0.0029546 0.0032515 0.0046891 0.0040762 0.0034681 0.0037577 0.0022635 0.0051671 
MN122211|AS201700186|turdus_merula|NL|2017-09-13                        0.0074532 0.0072778 0.0063628 0.0053483 0.0059567 0.0062628 0.0063581 0.0060581 0.0015633 0.0011706 0.0023521 0.0003883 0.0014654 0.0019575 0.0029463 0.0027476 0.0003883 0.0000000 0.0013663 0.0012675 0.0015632 0.0014637 0.0017597 0.0022515 0.0020552 0.0019559 0.0024482 0.0027461 0.0032425 0.0028453 0.0029443 0.0026470 0.0024492 0.0024485 0.0039407 0.0038405 0.0024483 0.0027455 0.0023505 0.0028453 0.0027460 0.0012686 0.0024503 0.0027471 0.0033402 0.0044408 0.0039395 0.0041411 0.0045417 0.0047416 0.0040398 0.0047408 0.0048417 0.0042415 0.0049418 0.0057485 0.0043429 0.0049941 0.0044405 0.0040398 0.0040400 0.0048415 0.0038399 0.0043398 0.0046406 0.0046419 0.0045404 0.0039396 0.0035405 0.0040407 0.0041405 0.0050431 0.0055501 0.0042393 0.0046401 0.0051448 0.0052442 0.0048454 0.0041413 0.0040430 0.0045399 0.0039395 0.0047428 0.0049475 0.0041394 0.0043393 0.0044413 0.0052453 0.0048437 0.0042444 0.0060540 0.0028481 0.0037442 0.0006994 0.0043965 0.0040105 0.0029014 0.0027816 0.0033795 0.0031684 0.0035052 0.0048970 0.0043003 0.0038200 0.0037579 0.0024622 0.0053701 
MN122230|AS201800099|turdus_merula|NL|2018-08-07                        0.0076709 0.0072765 0.0065654 0.0055496 0.0061588 0.0064654 0.0065606 0.0062603 0.0021556 0.0017608 0.0025498 0.0009745 0.0016619 0.0021547 0.0033435 0.0031443 0.0009745 0.0013663 0.0000000 0.0018577 0.0019566 0.0020550 0.0019565 0.0024490 0.0024499 0.0021529 0.0026458 0.0029443 0.0034414 0.0030435 0.0031427 0.0028450 0.0026469 0.0028443 0.0041405 0.0040402 0.0026459 0.0029436 0.0025481 0.0030436 0.0029441 0.0016613 0.0028464 0.0029453 0.0037385 0.0046408 0.0041389 0.0043407 0.0047419 0.0049420 0.0042393 0.0049412 0.0050422 0.0046422 0.0051424 0.0059501 0.0045428 0.0051969 0.0046405 0.0042393 0.0042395 0.0050420 0.0040391 0.0045396 0.0048408 0.0048422 0.0047405 0.0041389 0.0037393 0.0042402 0.0043402 0.0052439 0.0055491 0.0044390 0.0048403 0.0053457 0.0054452 0.0050461 0.0043409 0.0042427 0.0047400 0.0041389 0.0049433 0.0051484 0.0043390 0.0045391 0.0046414 0.0056487 0.0052460 0.0044444 0.0062561 0.0030466 0.0039493 0.0015058 0.0048026 0.0044174 0.0030087 0.0033431 0.0034850 0.0034889 0.0036300 0.0051040 0.0047484 0.0038184 0.0040928 0.0026610 0.0055722 
MN122254|AS201800155|turdus_merula|NL|2018-08-31                        0.0078909 0.0079960 0.0070766 0.0060569 0.0066686 0.0069764 0.0070714 0.0067704 0.0020556 0.0016614 0.0028474 0.0008762 0.0019575 0.0024514 0.0036428 0.0034431 0.0010716 0.0012675 0.0018577 0.0000000 0.0022527 0.0013658 0.0022526 0.0027461 0.0027471 0.0024494 0.0029432 0.0032425 0.0037408 0.0033420 0.0034414 0.0031430 0.0029445 0.0031423 0.0044415 0.0043410 0.0027451 0.0032417 0.0028455 0.0033420 0.0032424 0.0017598 0.0031446 0.0032437 0.0040384 0.0051445 0.0044398 0.0048434 0.0052460 0.0054467 0.0047414 0.0054459 0.0055473 0.0049443 0.0056478 0.0064586 0.0050464 0.0057078 0.0051441 0.0047414 0.0047416 0.0055470 0.0045404 0.0050428 0.0053452 0.0053467 0.0052445 0.0046406 0.0042395 0.0047424 0.0048427 0.0057498 0.0060563 0.0049418 0.0053446 0.0058521 0.0057490 0.0055516 0.0048436 0.0047452 0.0052439 0.0044398 0.0054482 0.0056544 0.0048415 0.0050422 0.0051451 0.0059531 0.0055496 0.0049478 0.0067658 0.0033453 0.0042583 0.0014040 0.0051089 0.0047243 0.0032277 0.0035705 0.0037008 0.0034892 0.0037589 0.0054169 0.0047487 0.0041727 0.0043196 0.0027608 0.0060816 
MN122201|AS201700121|turdus_merula|NL|2017-08-01                        0.0074555 0.0072802 0.0065680 0.0053501 0.0059587 0.0064680 0.0063603 0.0060601 0.0025520 0.0019587 0.0023528 0.0013668 0.0014659 0.0019581 0.0029472 0.0027485 0.0013668 0.0015632 0.0019566 0.0022527 0.0000000 0.0024507 0.0022531 0.0022522 0.0020559 0.0019565 0.0024490 0.0027470 0.0032436 0.0028462 0.0029453 0.0026478 0.0024500 0.0026472 0.0039419 0.0038418 0.0024491 0.0027464 0.0025491 0.0028462 0.0027469 0.0018587 0.0026492 0.0027480 0.0035405 0.0044422 0.0039408 0.0041424 0.0045432 0.0047431 0.0040411 0.0049437 0.0048433 0.0042429 0.0049434 0.0057504 0.0043443 0.0049958 0.0044420 0.0040411 0.0040413 0.0048431 0.0038411 0.0045414 0.0044413 0.0046435 0.0045419 0.0039408 0.0035417 0.0040420 0.0041419 0.0050448 0.0053496 0.0042407 0.0046416 0.0051465 0.0052459 0.0048470 0.0041426 0.0040443 0.0044410 0.0039408 0.0047444 0.0049491 0.0041408 0.0043407 0.0044428 0.0052470 0.0048452 0.0044461 0.0062586 0.0028490 0.0036428 0.0016074 0.0043980 0.0040118 0.0030100 0.0028940 0.0033807 0.0031695 0.0033783 0.0048986 0.0043002 0.0037025 0.0038700 0.0030607 0.0053719 
MN122240|AS201800118|turdus_merula|NL|2018-08-16                        0.0080018 0.0082031 0.0072824 0.0062609 0.0068736 0.0071820 0.0072770 0.0069757 0.0022533 0.0018584 0.0030464 0.0010719 0.0021551 0.0026498 0.0038430 0.0036430 0.0012676 0.0014637 0.0020550 0.0013658 0.0024507 0.0000000 0.0024506 0.0029447 0.0029458 0.0026476 0.0031421 0.0034420 0.0039410 0.0035417 0.0036412 0.0033423 0.0031435 0.0033415 0.0046429 0.0045422 0.0029437 0.0034412 0.0030443 0.0035417 0.0034418 0.0019570 0.0033440 0.0034432 0.0042391 0.0053470 0.0046411 0.0050454 0.0054487 0.0056497 0.0049432 0.0056488 0.0057504 0.0051466 0.0058511 0.0066631 0.0052489 0.0059132 0.0053466 0.0049432 0.0049435 0.0057502 0.0047419 0.0052451 0.0055480 0.0055496 0.0054471 0.0048422 0.0044405 0.0049443 0.0050448 0.0059532 0.0062604 0.0051440 0.0055474 0.0060557 0.0061555 0.0057549 0.0050457 0.0049472 0.0052451 0.0046411 0.0056512 0.0058579 0.0050434 0.0052445 0.0052466 0.0061569 0.0057528 0.0051502 0.0069709 0.0035452 0.0044650 0.0016060 0.0053140 0.0049297 0.0035554 0.0039110 0.0038087 0.0039189 0.0043967 0.0056270 0.0053127 0.0045274 0.0046587 0.0029605 0.0062865 
MN122214|AS201700254|turdus_merula|NL|2017-09-22                        0.0080029 0.0081006 0.0071804 0.0061597 0.0067720 0.0070801 0.0071752 0.0068739 0.0025520 0.0021558 0.0029472 0.0013667 0.0020565 0.0025508 0.0037433 0.0035435 0.0015629 0.0017597 0.0019565 0.0022526 0.0022531 0.0024506 0.0000000 0.0028457 0.0028468 0.0025488 0.0028449 0.0033426 0.0038414 0.0034422 0.0035417 0.0032430 0.0030443 0.0032423 0.0045428 0.0044421 0.0030432 0.0031429 0.0029452 0.0034423 0.0033425 0.0020558 0.0032447 0.0033439 0.0041393 0.0052464 0.0047420 0.0049450 0.0053480 0.0055489 0.0048429 0.0055480 0.0056495 0.0050461 0.0057502 0.0065617 0.0051483 0.0058112 0.0052460 0.0048429 0.0048432 0.0056493 0.0046417 0.0051446 0.0054472 0.0054488 0.0053465 0.0047420 0.0043406 0.0048440 0.0049444 0.0058522 0.0063626 0.0050435 0.0054467 0.0059547 0.0060544 0.0056540 0.0049453 0.0048468 0.0049430 0.0047420 0.0055504 0.0057569 0.0049431 0.0051440 0.0052470 0.0060557 0.0056519 0.0050496 0.0068692 0.0034457 0.0043622 0.0019107 0.0052121 0.0048276 0.0033377 0.0035717 0.0039164 0.0038119 0.0040148 0.0057313 0.0053134 0.0040567 0.0044337 0.0030606 0.0061849 
MN122220|AS201800087|turdus_merula|NL|2018-08-01                        0.0073425 0.0071746 0.0064632 0.0052467 0.0058546 0.0063632 0.0062558 0.0059559 0.0030468 0.0026494 0.0024507 0.0018573 0.0015635 0.0020559 0.0030453 0.0028465 0.0020541 0.0022515 0.0024490 0.0027461 0.0022522 0.0029447 0.0028457 0.0000000 0.0027465 0.0024489 0.0029426 0.0032418 0.0037400 0.0033413 0.0034407 0.0031423 0.0029439 0.0029431 0.0044406 0.0043401 0.0029428 0.0032411 0.0030433 0.0033413 0.0032417 0.0019564 0.0031439 0.0032430 0.0040376 0.0045407 0.0040391 0.0042408 0.0046417 0.0048417 0.0041394 0.0050423 0.0049418 0.0043413 0.0050420 0.0058492 0.0044427 0.0050954 0.0045404 0.0041394 0.0043396 0.0049416 0.0039394 0.0046399 0.0047406 0.0047420 0.0046404 0.0040391 0.0036398 0.0041404 0.0042402 0.0051434 0.0056507 0.0043391 0.0047401 0.0050434 0.0053446 0.0049457 0.0042410 0.0041427 0.0046399 0.0040391 0.0048430 0.0050478 0.0042391 0.0044391 0.0045413 0.0053457 0.0049438 0.0045447 0.0061542 0.0033446 0.0042573 0.0024169 0.0044977 0.0041118 0.0034449 0.0035697 0.0038072 0.0037027 0.0035045 0.0051044 0.0045241 0.0041717 0.0042063 0.0035591 0.0054710 
MN122169|AS201600173|turdus_merula|NL|2016-10-07                        0.0081127 0.0077923 0.0070778 0.0058555 0.0064664 0.0069775 0.0068690 0.0065682 0.0030480 0.0026504 0.0028478 0.0018580 0.0019578 0.0024518 0.0034442 0.0032448 0.0018580 0.0020552 0.0024499 0.0027471 0.0020559 0.0029458 0.0028468 0.0027465 0.0000000 0.0010726 0.0015622 0.0018579 0.0023512 0.0019565 0.0020549 0.0019564 0.0015629 0.0019559 0.0030449 0.0029455 0.0021524 0.0024490 0.0018579 0.0019565 0.0018578 0.0023518 0.0023518 0.0024504 0.0028448 0.0049443 0.0044410 0.0046435 0.0050456 0.0052462 0.0045417 0.0054474 0.0053466 0.0047443 0.0054471 0.0060543 0.0048462 0.0055048 0.0049439 0.0045417 0.0045419 0.0053464 0.0043409 0.0050436 0.0051448 0.0051462 0.0050442 0.0044410 0.0040404 0.0045427 0.0046429 0.0053466 0.0060580 0.0047419 0.0051442 0.0056510 0.0057506 0.0053508 0.0044428 0.0043444 0.0050437 0.0044410 0.0052476 0.0054534 0.0046416 0.0048422 0.0049449 0.0057519 0.0053488 0.0049486 0.0067669 0.0019584 0.0027230 0.0021135 0.0049062 0.0045211 0.0021424 0.0019962 0.0032732 0.0023170 0.0021165 0.0053142 0.0045226 0.0027663 0.0029745 0.0034602 0.0057776 
MN122206|AS201700155|turdus_merula|NL|2017-08-10                        0.0079994 0.0076865 0.0069728 0.0057519 0.0063621 0.0068726 0.0067643 0.0064637 0.0027492 0.0023526 0.0025497 0.0015625 0.0016618 0.0021546 0.0033433 0.0031442 0.0017589 0.0019559 0.0021529 0.0024494 0.0019565 0.0026476 0.0025488 0.0024489 0.0010726 0.0000000 0.0008764 0.0011702 0.0016609 0.0012682 0.0013662 0.0014643 0.0010723 0.0012679 0.0023509 0.0022520 0.0014636 0.0017584 0.0013661 0.0012682 0.0011702 0.0020550 0.0016613 0.0017595 0.0023496 0.0048417 0.0043390 0.0045413 0.0049430 0.0051433 0.0044396 0.0053443 0.0052436 0.0046420 0.0053440 0.0061529 0.0047437 0.0054006 0.0048414 0.0044396 0.0044398 0.0052434 0.0042391 0.0049410 0.0048412 0.0050435 0.0049416 0.0043391 0.0039389 0.0044406 0.0045407 0.0054456 0.0059542 0.0046396 0.0050415 0.0055477 0.0056472 0.0052477 0.0043408 0.0042425 0.0049410 0.0043390 0.0051447 0.0053502 0.0045395 0.0047398 0.0048423 0.0056485 0.0052458 0.0048460 0.0066624 0.0012695 0.0021126 0.0021126 0.0048024 0.0044173 0.0016044 0.0015501 0.0025266 0.0016807 0.0019920 0.0052079 0.0048606 0.0021865 0.0024200 0.0032592 0.0057754 
NA|AS20221842|turdus_merula|NL|2022-09-04                               0.0083253 0.0081969 0.0074811 0.0062563 0.0068685 0.0073808 0.0072716 0.0069705 0.0032445 0.0028466 0.0030442 0.0020535 0.0021535 0.0026479 0.0038402 0.0036404 0.0022505 0.0024482 0.0026458 0.0029432 0.0024490 0.0031421 0.0028449 0.0029426 0.0015622 0.0008764 0.0000000 0.0016601 0.0021523 0.0017584 0.0018566 0.0019551 0.0015619 0.0017579 0.0028445 0.0027453 0.0019541 0.0022499 0.0018565 0.0017584 0.0016600 0.0025477 0.0021528 0.0022513 0.0028429 0.0053431 0.0048387 0.0050417 0.0054447 0.0056456 0.0049396 0.0058471 0.0057462 0.0051428 0.0058468 0.0066582 0.0052450 0.0058068 0.0053427 0.0049396 0.0049399 0.0057459 0.0047385 0.0054426 0.0053425 0.0055455 0.0054432 0.0048387 0.0044373 0.0049407 0.0050411 0.0059488 0.0064592 0.0049388 0.0055433 0.0060513 0.0061510 0.0057507 0.0048406 0.0047423 0.0054426 0.0048387 0.0056471 0.0058536 0.0050398 0.0052407 0.0053437 0.0061523 0.0057485 0.0053478 0.0071694 0.0017601 0.0025177 0.0026192 0.0053100 0.0049261 0.0021424 0.0022196 0.0029509 0.0019973 0.0023676 0.0054138 0.0053087 0.0025339 0.0028634 0.0037581 0.0062819 
NA|AS20221670|turdus_merula|NL|2022-07-24                               0.0086570 0.0085103 0.0077927 0.0065645 0.0071784 0.0076921 0.0075823 0.0072807 0.0035449 0.0031459 0.0033439 0.0023505 0.0024509 0.0029466 0.0041420 0.0039416 0.0025480 0.0027461 0.0029443 0.0032425 0.0027470 0.0034420 0.0033426 0.0032418 0.0018579 0.0011702 0.0016601 0.0000000 0.0010716 0.0012673 0.0013652 0.0014633 0.0010715 0.0018570 0.0029449 0.0028455 0.0022506 0.0025473 0.0021529 0.0006802 0.0005828 0.0028460 0.0024501 0.0025488 0.0029433 0.0056487 0.0051429 0.0053466 0.0057506 0.0059520 0.0052441 0.0061540 0.0060528 0.0054480 0.0061537 0.0069672 0.0055506 0.0062191 0.0056483 0.0052441 0.0052444 0.0060525 0.0050424 0.0057483 0.0056480 0.0058517 0.0057490 0.0051429 0.0047405 0.0052453 0.0053459 0.0060535 0.0065646 0.0054452 0.0058494 0.0063588 0.0064587 0.0060576 0.0051450 0.0050465 0.0057484 0.0051429 0.0055483 0.0061609 0.0053445 0.0055459 0.0056494 0.0064601 0.0060553 0.0056537 0.0074798 0.0020566 0.0015046 0.0029260 0.0054152 0.0052359 0.0021434 0.0022207 0.0032723 0.0016800 0.0012405 0.0059383 0.0056499 0.0021855 0.0029760 0.0040611 0.0065914 
NA|AS20221838|turdus_merula|NL|2022-08-22                               0.0090987 0.0090281 0.0081016 0.0070752 0.0076915 0.0082072 0.0078906 0.0077941 0.0040449 0.0036442 0.0038428 0.0028454 0.0029466 0.0034441 0.0046438 0.0044426 0.0030436 0.0032425 0.0034414 0.0037408 0.0032436 0.0039410 0.0038414 0.0037400 0.0023512 0.0016609 0.0021523 0.0010716 0.0000000 0.0017579 0.0018562 0.0019546 0.0015615 0.0023500 0.0034421 0.0033424 0.0027449 0.0030428 0.0026470 0.0011695 0.0010716 0.0033429 0.0029456 0.0030446 0.0034402 0.0061557 0.0056480 0.0058527 0.0062582 0.0064601 0.0057496 0.0066629 0.0063584 0.0059544 0.0066625 0.0074790 0.0060575 0.0067334 0.0061554 0.0057496 0.0057500 0.0065610 0.0055472 0.0062557 0.0061551 0.0063595 0.0062563 0.0056480 0.0052441 0.0057509 0.0058519 0.0067653 0.0070745 0.0059514 0.0063570 0.0068685 0.0069687 0.0065665 0.0056503 0.0055517 0.0062557 0.0056480 0.0060551 0.0066703 0.0058503 0.0060524 0.0061565 0.0069702 0.0065640 0.0061612 0.0079937 0.0025509 0.0020099 0.0034370 0.0061328 0.0057504 0.0026848 0.0027819 0.0038079 0.0022094 0.0017401 0.0064632 0.0062173 0.0027668 0.0035347 0.0045649 0.0071042 
NA|AS20221784|turdus_merula|NL|2022-08-11                               0.0088774 0.0086137 0.0078956 0.0066665 0.0072809 0.0077950 0.0076851 0.0073832 0.0036448 0.0032454 0.0034435 0.0024493 0.0025499 0.0030459 0.0042422 0.0040417 0.0026470 0.0028453 0.0030435 0.0033420 0.0028462 0.0035417 0.0034422 0.0033413 0.0019565 0.0012682 0.0017584 0.0012673 0.0017579 0.0000000 0.0006802 0.0009738 0.0005828 0.0019555 0.0030442 0.0029448 0.0023493 0.0026462 0.0022516 0.0013653 0.0012672 0.0029453 0.0025491 0.0026478 0.0030425 0.0057499 0.0052438 0.0054477 0.0058520 0.0058506 0.0051432 0.0062557 0.0061544 0.0055491 0.0062553 0.0070694 0.0056518 0.0062191 0.0055471 0.0051432 0.0051435 0.0059511 0.0051432 0.0058497 0.0057493 0.0059531 0.0058503 0.0052438 0.0048410 0.0053463 0.0054470 0.0063577 0.0068701 0.0055463 0.0059508 0.0064606 0.0065606 0.0061592 0.0052459 0.0051474 0.0058497 0.0052438 0.0056495 0.0062626 0.0054455 0.0056471 0.0057507 0.0065620 0.0061569 0.0057550 0.0075825 0.0021553 0.0022123 0.0028240 0.0057220 0.0053387 0.0020355 0.0021089 0.0031655 0.0011528 0.0016148 0.0059383 0.0055372 0.0014915 0.0027534 0.0039605 0.0064890 
NA|AS20221775|turdus_merula|NL|2022-08-28                               0.0089874 0.0087167 0.0079981 0.0067681 0.0073830 0.0078974 0.0077873 0.0074854 0.0037445 0.0033448 0.0035430 0.0025481 0.0026488 0.0031452 0.0043423 0.0041416 0.0027459 0.0029443 0.0031427 0.0034414 0.0029453 0.0036412 0.0035417 0.0034407 0.0020549 0.0013662 0.0018566 0.0013652 0.0018562 0.0006802 0.0000000 0.0010715 0.0006801 0.0020539 0.0031434 0.0030439 0.0024480 0.0027451 0.0023502 0.0014632 0.0013651 0.0030444 0.0026480 0.0027467 0.0031417 0.0058509 0.0053444 0.0055485 0.0059531 0.0059516 0.0054458 0.0063570 0.0062556 0.0056500 0.0063566 0.0071713 0.0057528 0.0064242 0.0058506 0.0054458 0.0054461 0.0062554 0.0052438 0.0059507 0.0058503 0.0060542 0.0059514 0.0053444 0.0049414 0.0054470 0.0055478 0.0064591 0.0069719 0.0056471 0.0060519 0.0065621 0.0066621 0.0062605 0.0053466 0.0052480 0.0059507 0.0053444 0.0057504 0.0063641 0.0055463 0.0057480 0.0058517 0.0064597 0.0062582 0.0058561 0.0076847 0.0022540 0.0023136 0.0031300 0.0058242 0.0054411 0.0022515 0.0023327 0.0034860 0.0011528 0.0018650 0.0059380 0.0056499 0.0018380 0.0030875 0.0042621 0.0067959 
NA|AS20221908|turdus_merula|NL|2022-09-12                               0.0085462 0.0084066 0.0076895 0.0064623 0.0070757 0.0075890 0.0074794 0.0071779 0.0034450 0.0030463 0.0032442 0.0022516 0.0023519 0.0028472 0.0040417 0.0038415 0.0024490 0.0026470 0.0028450 0.0031430 0.0026478 0.0033423 0.0032430 0.0031423 0.0019564 0.0014643 0.0019551 0.0014633 0.0019546 0.0009738 0.0010715 0.0000000 0.0003883 0.0019554 0.0032429 0.0031433 0.0023492 0.0026461 0.0024491 0.0015614 0.0014632 0.0027467 0.0025490 0.0026477 0.0028440 0.0055472 0.0050419 0.0052454 0.0056491 0.0056477 0.0051430 0.0060522 0.0059511 0.0053467 0.0060519 0.0068648 0.0054491 0.0061162 0.0055469 0.0051430 0.0051433 0.0059508 0.0049415 0.0056469 0.0055466 0.0057501 0.0056475 0.0050419 0.0046398 0.0051442 0.0052447 0.0061541 0.0066656 0.0053439 0.0057478 0.0062568 0.0063567 0.0059558 0.0050439 0.0051472 0.0056469 0.0050419 0.0054469 0.0060589 0.0052433 0.0054446 0.0055480 0.0063581 0.0059535 0.0055522 0.0073770 0.0023529 0.0024152 0.0028239 0.0055167 0.0051330 0.0024679 0.0025570 0.0034861 0.0014689 0.0021156 0.0057288 0.0054239 0.0020696 0.0033108 0.0039604 0.0064887 
NA|AS20221903|turdus_merula|NL|2022-09-13                               0.0083263 0.0082006 0.0074845 0.0062590 0.0068716 0.0073840 0.0072748 0.0069736 0.0032459 0.0028478 0.0030455 0.0020544 0.0021544 0.0026490 0.0038419 0.0036419 0.0022515 0.0024492 0.0026469 0.0029445 0.0024500 0.0031435 0.0030443 0.0029439 0.0015629 0.0010723 0.0015619 0.0010715 0.0015615 0.0005828 0.0006801 0.0003883 0.0000000 0.0017586 0.0028457 0.0027464 0.0021519 0.0024484 0.0020543 0.0011694 0.0010715 0.0025488 0.0023513 0.0024499 0.0026460 0.0053454 0.0048408 0.0050439 0.0054471 0.0054457 0.0049417 0.0058497 0.0057487 0.0051450 0.0058494 0.0066611 0.0052473 0.0059114 0.0053450 0.0049417 0.0049420 0.0057484 0.0047405 0.0054449 0.0053448 0.0055479 0.0054455 0.0048408 0.0044392 0.0049429 0.0050433 0.0059514 0.0064620 0.0051424 0.0055457 0.0060539 0.0061537 0.0057532 0.0048427 0.0047443 0.0054449 0.0048408 0.0052452 0.0058562 0.0050419 0.0052429 0.0053461 0.0061550 0.0057510 0.0053501 0.0071725 0.0019579 0.0020097 0.0026203 0.0053124 0.0049282 0.0020355 0.0021089 0.0032723 0.0010476 0.0016148 0.0055202 0.0051984 0.0016070 0.0028648 0.0037597 0.0062846 
NA|AS20221913|turdus_merula|NL|2022-09-11                               0.0083268 0.0081983 0.0074824 0.0060541 0.0066655 0.0071770 0.0072728 0.0065633 0.0034443 0.0030457 0.0032435 0.0022511 0.0023514 0.0028465 0.0040408 0.0038406 0.0024484 0.0024485 0.0028443 0.0031423 0.0026472 0.0033415 0.0032423 0.0029431 0.0019559 0.0012679 0.0017579 0.0018570 0.0023500 0.0019555 0.0020539 0.0019554 0.0017586 0.0000000 0.0030434 0.0029440 0.0021514 0.0024478 0.0022510 0.0019555 0.0018569 0.0027461 0.0023507 0.0024492 0.0026453 0.0055460 0.0050408 0.0052442 0.0056478 0.0058490 0.0051419 0.0060509 0.0059497 0.0053455 0.0060505 0.0068632 0.0054479 0.0061148 0.0055456 0.0051419 0.0051422 0.0059495 0.0049404 0.0056456 0.0055454 0.0057488 0.0056462 0.0050408 0.0046387 0.0051430 0.0052436 0.0061527 0.0066641 0.0053428 0.0057465 0.0062554 0.0063552 0.0059544 0.0050428 0.0051460 0.0056456 0.0050408 0.0056480 0.0060576 0.0052422 0.0054434 0.0055467 0.0063566 0.0059522 0.0055509 0.0071705 0.0021547 0.0028233 0.0028233 0.0055155 0.0051319 0.0023590 0.0017730 0.0032714 0.0024218 0.0027456 0.0059367 0.0056482 0.0030000 0.0029751 0.0039595 0.0064873 
