22
MW164637|11pool1989|culex_pipiens|IT|2011-08-23     0.0000000 0.0024490 0.0029431 0.0026471 0.0028438 0.0028442 0.0031424 0.0030431 0.0032421 0.0033412 0.0033410 0.0035396 0.0037389 0.0040382 0.0041384 0.0034394 0.0038380 0.0024493 0.0025468 0.0030416 0.0030415 0.0017573 
MW164638|11pool2109|culex_pipiens|IT|2011-08-24     0.0024490 0.0000000 0.0020545 0.0017593 0.0019549 0.0019552 0.0022524 0.0021537 0.0023514 0.0024500 0.0024498 0.0026474 0.0028456 0.0031431 0.0032428 0.0023503 0.0027460 0.0021538 0.0022513 0.0027453 0.0027452 0.0016598 
MW164643|12pool2046|culex_pipiens|IT|2012-07-24     0.0029431 0.0020545 0.0000000 0.0002916 0.0004860 0.0004861 0.0007787 0.0014633 0.0016601 0.0017576 0.0017574 0.0019536 0.0021516 0.0024475 0.0025465 0.0018550 0.0022498 0.0028453 0.0029429 0.0034391 0.0034389 0.0021518 
MW164645|12pool2214|culex_pipiens|IT|2012-08-07     0.0026471 0.0017593 0.0002916 0.0000000 0.0001935 0.0001935 0.0004864 0.0011700 0.0013663 0.0014639 0.0014638 0.0016598 0.0018562 0.0021524 0.0022512 0.0015614 0.0019541 0.0025494 0.0026469 0.0031424 0.0031422 0.0018564 
MW164665|13pool5873|culex_pipiens|IT|2013-08-13     0.0028438 0.0019549 0.0004860 0.0001935 0.0000000 0.0003887 0.0006811 0.0013652 0.0015618 0.0016593 0.0016592 0.0018553 0.0020529 0.0023486 0.0024475 0.0017568 0.0021511 0.0027461 0.0028436 0.0033395 0.0033393 0.0020531 
MW164650|12pool2586|culex_pipiens|IT|2012-08-23     0.0028442 0.0019552 0.0004861 0.0001935 0.0003887 0.0000000 0.0004862 0.0013654 0.0015620 0.0016595 0.0016594 0.0018555 0.0020532 0.0023489 0.0024478 0.0017570 0.0021514 0.0027464 0.0028440 0.0033399 0.0033398 0.0020534 
MW164667|13pool6009|culex_pipiens|IT|2013-08-21     0.0031424 0.0022524 0.0007787 0.0004864 0.0006811 0.0004862 0.0000000 0.0016598 0.0018572 0.0019545 0.0019543 0.0021521 0.0023494 0.0026458 0.0027450 0.0020532 0.0024478 0.0030445 0.0031421 0.0036392 0.0036390 0.0023497 
MW164655|12VIR6787-10|alauda_arvensis|IT|2012-09-03 0.0030431 0.0021537 0.0014633 0.0011700 0.0013652 0.0013654 0.0016598 0.0000000 0.0017589 0.0018562 0.0018561 0.0020536 0.0022508 0.0025470 0.0026461 0.0019537 0.0023491 0.0029453 0.0030429 0.0035396 0.0035394 0.0022510 
MW164659|13pool5600|culex_pipiens|IT|2013-08-07     0.0032421 0.0023514 0.0016601 0.0013663 0.0015618 0.0015620 0.0018572 0.0017589 0.0000000 0.0019557 0.0019556 0.0021524 0.0023498 0.0026462 0.0027453 0.0020534 0.0024481 0.0031440 0.0032418 0.0037392 0.0037390 0.0024488 
MW164649|12pool2412|culex_pipiens|IT|2012-08-22     0.0033412 0.0024500 0.0017576 0.0014639 0.0016593 0.0016595 0.0019545 0.0018562 0.0019557 0.0000000 0.0015616 0.0017577 0.0019542 0.0022507 0.0023496 0.0016592 0.0020533 0.0032433 0.0033410 0.0038387 0.0038385 0.0025473 
MW164674|14pool1419|culex_pipiens|IT|2014-08-26     0.0033410 0.0024498 0.0017574 0.0014638 0.0016592 0.0016594 0.0019543 0.0018561 0.0019556 0.0015616 0.0000000 0.0003887 0.0005834 0.0008759 0.0009737 0.0012671 0.0016591 0.0032430 0.0033407 0.0038384 0.0038382 0.0025471 
MW164680|14pool1698|culex_pipiens|IT|2014-09-23     0.0035396 0.0026474 0.0019536 0.0016598 0.0018553 0.0018555 0.0021521 0.0020536 0.0021524 0.0017577 0.0003887 0.0000000 0.0007783 0.0010712 0.0011691 0.0014628 0.0018552 0.0034416 0.0035393 0.0040376 0.0040374 0.0027447 
MW164698|16pool1777|culex_pipiens|IT|2016-07-25     0.0037389 0.0028456 0.0021516 0.0018562 0.0020529 0.0020532 0.0023494 0.0022508 0.0023498 0.0019542 0.0005834 0.0007783 0.0000000 0.0012668 0.0013648 0.0016589 0.0020529 0.0036408 0.0037386 0.0042375 0.0042372 0.0029429 
MW164695|15VIR4781-42|turdus_merula|IT|2015-09-15   0.0040382 0.0031431 0.0024475 0.0021524 0.0023486 0.0023489 0.0026458 0.0025470 0.0026462 0.0022507 0.0008759 0.0010712 0.0012668 0.0000000 0.0016587 0.0019533 0.0023486 0.0039399 0.0040378 0.0045375 0.0045372 0.0032405 
MW164705|16pool2336|culex_pipiens|IT|2016-08-29     0.0041384 0.0032428 0.0025465 0.0022512 0.0024475 0.0024478 0.0027450 0.0026461 0.0027453 0.0023496 0.0009737 0.0011691 0.0013648 0.0016587 0.0000000 0.0018554 0.0022503 0.0038407 0.0039387 0.0044382 0.0044379 0.0033401 
MW164689|15pool1503|culex_pipiens|IT|2015-08-10     0.0034394 0.0023503 0.0018550 0.0015614 0.0017568 0.0017570 0.0020532 0.0019537 0.0020534 0.0016592 0.0012671 0.0014628 0.0016589 0.0019533 0.0018554 0.0000000 0.0011691 0.0029444 0.0030420 0.0035386 0.0035384 0.0026452 
MW164702|16pool2106|culex_pipiens|IT|2016-08-16     0.0038380 0.0027460 0.0022498 0.0019541 0.0021511 0.0021514 0.0024478 0.0023491 0.0024481 0.0020533 0.0016591 0.0018552 0.0020529 0.0023486 0.0022503 0.0011691 0.0000000 0.0033419 0.0034395 0.0039375 0.0039372 0.0030415 
MW164647|12pool2262|culex_pipiens|IT|2012-08-07     0.0024493 0.0021538 0.0028453 0.0025494 0.0027461 0.0027464 0.0030445 0.0029453 0.0031440 0.0032433 0.0032430 0.0034416 0.0036408 0.0039399 0.0038407 0.0029444 0.0033419 0.0000000 0.0000966 0.0005837 0.0013658 0.0015623 
MW164653|12pool2653|culex_pipiens|IT|2012-09-05     0.0025468 0.0022513 0.0029429 0.0026469 0.0028436 0.0028440 0.0031421 0.0030429 0.0032418 0.0033410 0.0033407 0.0035393 0.0037386 0.0040378 0.0039387 0.0030420 0.0034395 0.0000966 0.0000000 0.0006808 0.0014627 0.0017572 
MW164677|14pool1489|culex_pipiens|IT|2014-09-02     0.0030416 0.0027453 0.0034391 0.0031424 0.0033395 0.0033399 0.0036392 0.0035396 0.0037392 0.0038387 0.0038384 0.0040376 0.0042375 0.0045375 0.0044382 0.0035386 0.0039375 0.0005837 0.0006808 0.0000000 0.0019540 0.0022499 
MW164651|12pool2626|culex_pipiens|IT|2012-09-05     0.0030415 0.0027452 0.0034389 0.0031422 0.0033393 0.0033398 0.0036390 0.0035394 0.0037390 0.0038385 0.0038382 0.0040374 0.0042372 0.0045372 0.0044379 0.0035384 0.0039372 0.0013658 0.0014627 0.0019540 0.0000000 0.0022498 
JF266698|NA|turdus_merula|IT|2009                   0.0017573 0.0016598 0.0021518 0.0018564 0.0020531 0.0020534 0.0023497 0.0022510 0.0024488 0.0025473 0.0025471 0.0027447 0.0029429 0.0032405 0.0033401 0.0026452 0.0030415 0.0015623 0.0017572 0.0022499 0.0022498 0.0000000 
