141
OR573992|AS201700144|branta_ruficollis|NL|2017-08-15                                    0.0000000 0.0027455 0.0020529 0.0020535 0.0025458 0.0019542 0.0035408 0.0024478 0.0053505 0.0051486 0.0055531 0.0052474 0.0056508 0.0056511 0.0051490 0.0051467 0.0051440 0.0055466 0.0054512 0.0042415 0.0041414 0.0041401 0.0051463 0.0050442 0.0045421 0.0044434 0.0040400 0.0042399 0.0043398 0.0044400 0.0044403 0.0044403 0.0043400 0.0045418 0.0044415 0.0045421 0.0047435 0.0046417 0.0046467 0.0047417 0.0049434 0.0047417 0.0049460 0.0048446 0.0054479 0.0054488 0.0061568 0.0057519 0.0056506 0.0045416 0.0060615 0.0039379 0.0037390 0.0029433 0.0036399 0.0030424 0.0037394 0.0035387 0.0049401 0.0056472 0.0063573 0.0046422 0.0060589 0.0063643 0.0052472 0.0060602 0.0054486 0.0054483 0.0062686 0.0059535 0.0058111 0.0057388 0.0055387 0.0065403 0.0028663 0.0048243 0.0048294 0.0050713 0.0055645 0.0040869 0.0036001 0.0036001 0.0043305 0.0040874 0.0043351 0.0053972 0.0040895 0.0035992 0.0035992 0.0040863 0.0040858 0.0045784 0.0050644 0.0038399 0.0038405 0.0021452 0.0031125 0.0050631 0.0050631 0.0043294 0.0045751 0.0045784 0.0058066 0.0058066 0.0030997 0.0045565 0.0053306 0.0045782 0.0015520 0.0025280 0.0030712 0.0066030 0.0049584 0.0037192 0.0100178 0.0042116 0.0041981 0.0038187 0.0038187 0.0047899 0.0057683 0.0048051 0.0077668 0.0057869 0.0046866 0.0056751 0.0029004 0.0075487 0.0065847 0.0104846 0.0105187 0.0162975 0.0162975 0.0207065 0.0207065 0.0116678 0.0268876 0.0268876 0.0243005 0.0148404 0.0082036 
NA|AS20190530|turdus_merula|NL|2019-08-19                                               0.0027455 0.0000000 0.0014645 0.0012679 0.0019558 0.0013662 0.0027467 0.0018580 0.0059628 0.0057599 0.0061665 0.0058589 0.0064679 0.0062647 0.0057602 0.0057576 0.0057547 0.0061592 0.0060639 0.0048486 0.0047480 0.0047464 0.0057572 0.0056545 0.0051509 0.0050519 0.0046459 0.0048468 0.0049473 0.0050481 0.0050484 0.0050484 0.0049475 0.0051506 0.0050497 0.0051509 0.0053523 0.0052499 0.0052556 0.0053503 0.0055531 0.0053503 0.0055560 0.0054540 0.0060603 0.0060613 0.0067730 0.0063659 0.0062641 0.0051492 0.0066777 0.0045418 0.0043420 0.0035422 0.0042425 0.0036418 0.0043425 0.0041406 0.0055494 0.0062603 0.0069742 0.0052504 0.0066749 0.0069819 0.0058587 0.0066763 0.0060611 0.0060607 0.0068863 0.0065685 0.0064317 0.0064795 0.0061222 0.0068009 0.0031133 0.0050791 0.0050845 0.0053271 0.0058221 0.0043388 0.0038503 0.0038503 0.0045833 0.0043393 0.0045881 0.0056580 0.0043416 0.0038493 0.0038493 0.0043382 0.0043377 0.0048323 0.0053198 0.0040908 0.0040913 0.0023898 0.0038467 0.0053184 0.0053184 0.0045821 0.0048288 0.0048323 0.0060649 0.0060649 0.0046862 0.0061227 0.0069065 0.0061526 0.0031284 0.0034454 0.0021618 0.0074552 0.0058580 0.0053521 0.0130064 0.0070865 0.0063428 0.0057838 0.0057838 0.0067722 0.0077668 0.0067938 0.0098059 0.0077924 0.0040132 0.0052708 0.0014466 0.0065890 0.0056310 0.0095070 0.0095382 0.0079132 0.0079132 0.0120562 0.0120562 0.0037868 0.0155306 0.0155306 0.0116682 0.0047839 0.0070102 
MN122190|AS201700080|turdus_merula|NL|2017-07-05                                        0.0020529 0.0014645 0.0000000 0.0007789 0.0012675 0.0006810 0.0022525 0.0011699 0.0052507 0.0050489 0.0054531 0.0051477 0.0057533 0.0055512 0.0050492 0.0050470 0.0050444 0.0054468 0.0053513 0.0041423 0.0040423 0.0040409 0.0050466 0.0049446 0.0044427 0.0043441 0.0039410 0.0041407 0.0042406 0.0043408 0.0043410 0.0043410 0.0042408 0.0043422 0.0043422 0.0044427 0.0046440 0.0045423 0.0045463 0.0046423 0.0048438 0.0044405 0.0048464 0.0047451 0.0053481 0.0053490 0.0060567 0.0056519 0.0055507 0.0044413 0.0059613 0.0038390 0.0036401 0.0028448 0.0035410 0.0029438 0.0036405 0.0034400 0.0048406 0.0055474 0.0062571 0.0045418 0.0059588 0.0062639 0.0051475 0.0059600 0.0053488 0.0053485 0.0061683 0.0058534 0.0057101 0.0056183 0.0054248 0.0058005 0.0021450 0.0040914 0.0040957 0.0043370 0.0048277 0.0033581 0.0028736 0.0028736 0.0036006 0.0033585 0.0036044 0.0046505 0.0033602 0.0028729 0.0028729 0.0033576 0.0033572 0.0038468 0.0043312 0.0031130 0.0031134 0.0014270 0.0028710 0.0043300 0.0043300 0.0035997 0.0038440 0.0038468 0.0050693 0.0050693 0.0054688 0.0068893 0.0076765 0.0069236 0.0039117 0.0028940 0.0019792 0.0074511 0.0055538 0.0058885 0.0160691 0.0100259 0.0085238 0.0067502 0.0067502 0.0077423 0.0087406 0.0077671 0.0107900 0.0087696 0.0023248 0.0032165 0.0007190 0.0027881 0.0018531 0.0056316 0.0056491 0.0079132 0.0079132 0.0120562 0.0120562 0.0037868 0.0155306 0.0155306 0.0116682 0.0047839 0.0022990 
MK796168|AS201600070|strix_nebulosa|NL|2016-09-13                                       0.0020535 0.0012679 0.0007789 0.0000000 0.0012678 0.0006812 0.0020544 0.0011703 0.0052522 0.0050503 0.0054547 0.0051492 0.0057550 0.0055528 0.0050507 0.0050484 0.0050458 0.0054483 0.0053528 0.0041435 0.0040434 0.0040421 0.0050480 0.0049460 0.0044440 0.0043453 0.0039421 0.0041419 0.0042418 0.0043420 0.0043423 0.0043423 0.0042420 0.0044437 0.0043434 0.0044440 0.0046453 0.0045426 0.0045476 0.0046436 0.0048452 0.0046436 0.0048477 0.0047464 0.0053497 0.0053505 0.0060584 0.0056535 0.0055523 0.0044425 0.0059630 0.0038400 0.0036411 0.0028456 0.0035420 0.0029446 0.0036415 0.0034409 0.0048420 0.0055490 0.0062589 0.0045431 0.0059605 0.0062657 0.0051489 0.0059617 0.0053503 0.0053500 0.0061700 0.0058551 0.0057117 0.0056203 0.0054266 0.0062995 0.0026280 0.0045841 0.0045889 0.0048309 0.0053237 0.0038473 0.0033608 0.0033608 0.0040908 0.0038477 0.0040951 0.0051530 0.0038497 0.0033599 0.0033599 0.0038467 0.0038463 0.0043383 0.0048243 0.0036007 0.0036012 0.0019072 0.0033577 0.0048230 0.0048230 0.0040897 0.0043352 0.0043383 0.0055659 0.0055659 0.0046720 0.0061043 0.0068854 0.0061343 0.0031190 0.0028937 0.0016171 0.0069410 0.0052549 0.0053410 0.0130064 0.0070865 0.0063428 0.0057621 0.0057621 0.0067466 0.0077372 0.0067680 0.0097677 0.0077626 0.0033373 0.0044486 0.0021757 0.0027881 0.0018531 0.0056316 0.0056491 0.0079132 0.0079132 0.0120562 0.0120562 0.0037868 0.0155306 0.0155306 0.0116682 0.0047839 0.0022990 
MN122213|AS201700248|turdus_merula|NL|2017-09-20                                        0.0025458 0.0019558 0.0012675 0.0012678 0.0000000 0.0009739 0.0027466 0.0016601 0.0057555 0.0055531 0.0059588 0.0056520 0.0062597 0.0060568 0.0055534 0.0055509 0.0053460 0.0057492 0.0056538 0.0044422 0.0043419 0.0043405 0.0055505 0.0052461 0.0047443 0.0046455 0.0042403 0.0044405 0.0045415 0.0046420 0.0046422 0.0046422 0.0045418 0.0047440 0.0046435 0.0047443 0.0049450 0.0048430 0.0048483 0.0049432 0.0051451 0.0049431 0.0051478 0.0050463 0.0056505 0.0058539 0.0063604 0.0059549 0.0058535 0.0047427 0.0062651 0.0043381 0.0041387 0.0033406 0.0040393 0.0034400 0.0041391 0.0039377 0.0051417 0.0058500 0.0063576 0.0048435 0.0062625 0.0065683 0.0054495 0.0064674 0.0056511 0.0056508 0.0062690 0.0061568 0.0060162 0.0061064 0.0054241 0.0062941 0.0026258 0.0045802 0.0045851 0.0048268 0.0053192 0.0038441 0.0033580 0.0033580 0.0040874 0.0038445 0.0040917 0.0051486 0.0038465 0.0033571 0.0033571 0.0038435 0.0038431 0.0043347 0.0048202 0.0035977 0.0035982 0.0019057 0.0033549 0.0048190 0.0048190 0.0040863 0.0043316 0.0043347 0.0055612 0.0055612 0.0054663 0.0068861 0.0076730 0.0069204 0.0039099 0.0038101 0.0025233 0.0079602 0.0064503 0.0069842 0.0145285 0.0085480 0.0074243 0.0067463 0.0067463 0.0077378 0.0087354 0.0077626 0.0107835 0.0087644 0.0029964 0.0036239 0.0007190 0.0037301 0.0027894 0.0065929 0.0066137 0.0079132 0.0079132 0.0120562 0.0120562 0.0037868 0.0155306 0.0155306 0.0116682 0.0047839 0.0034646 
KY315178|Gracula_religiosa/U1609393/Belgium/2016|gracula_religiosa|BE|2016-10-03        0.0019542 0.0013662 0.0006810 0.0006812 0.0009739 0.0000000 0.0021534 0.0010719 0.0051489 0.0049473 0.0053511 0.0050460 0.0056511 0.0054491 0.0049476 0.0049454 0.0049428 0.0053449 0.0052494 0.0040416 0.0039416 0.0039403 0.0049450 0.0048432 0.0043417 0.0042431 0.0038404 0.0040400 0.0041398 0.0042399 0.0042402 0.0042402 0.0041401 0.0043415 0.0042413 0.0043417 0.0045418 0.0044403 0.0044451 0.0045411 0.0047425 0.0045411 0.0047449 0.0046437 0.0052463 0.0052471 0.0059542 0.0055498 0.0054487 0.0043403 0.0058588 0.0037386 0.0035399 0.0027453 0.0034409 0.0028442 0.0035402 0.0033399 0.0047393 0.0054454 0.0061545 0.0044407 0.0058563 0.0061612 0.0050458 0.0058575 0.0052469 0.0052467 0.0060655 0.0057512 0.0056069 0.0054953 0.0053086 0.0055530 0.0019047 0.0038468 0.0038508 0.0040918 0.0045816 0.0031150 0.0026315 0.0026315 0.0033571 0.0031154 0.0033606 0.0044011 0.0031170 0.0026308 0.0026308 0.0031146 0.0031142 0.0036026 0.0040863 0.0028706 0.0028710 0.0011871 0.0026290 0.0040852 0.0040852 0.0033563 0.0036001 0.0036026 0.0048229 0.0048229 0.0038840 0.0053288 0.0061065 0.0053546 0.0023329 0.0030763 0.0017978 0.0071100 0.0055519 0.0047990 0.0130064 0.0070865 0.0063428 0.0047871 0.0047871 0.0057657 0.0067499 0.0057838 0.0087644 0.0067719 0.0026597 0.0036231 0.0007190 0.0037282 0.0027880 0.0065895 0.0066102 0.0079132 0.0079132 0.0120562 0.0120562 0.0037868 0.0155306 0.0155306 0.0116682 0.0047839 0.0022990 
NA|AS20221798|turdus_merula|NL|2022-08-30                                               0.0035408 0.0027467 0.0022525 0.0020544 0.0027466 0.0021534 0.0000000 0.0026485 0.0067793 0.0063712 0.0067797 0.0066745 0.0072871 0.0070826 0.0065756 0.0065726 0.0065692 0.0069760 0.0068810 0.0056581 0.0055568 0.0055550 0.0065721 0.0064685 0.0059621 0.0058629 0.0054538 0.0056559 0.0057569 0.0058584 0.0058587 0.0058587 0.0057573 0.0059618 0.0058603 0.0059621 0.0061647 0.0060614 0.0060680 0.0061624 0.0063665 0.0061623 0.0063698 0.0062671 0.0068769 0.0068780 0.0075939 0.0071844 0.0070820 0.0059602 0.0074989 0.0053497 0.0051486 0.0043427 0.0050486 0.0044428 0.0051492 0.0049457 0.0061589 0.0070777 0.0077960 0.0059605 0.0074957 0.0078047 0.0066742 0.0074973 0.0066735 0.0068774 0.0072980 0.0073881 0.0072589 0.0072180 0.0067049 0.0065477 0.0028695 0.0048297 0.0048349 0.0050770 0.0055707 0.0040914 0.0036041 0.0036041 0.0043353 0.0040919 0.0043399 0.0054034 0.0040940 0.0036031 0.0036031 0.0040908 0.0040903 0.0045835 0.0050701 0.0038442 0.0038447 0.0021476 0.0036008 0.0050687 0.0050687 0.0043342 0.0045802 0.0045835 0.0058132 0.0058132 0.0038840 0.0053288 0.0061065 0.0053546 0.0023329 0.0043685 0.0030748 0.0086546 0.0067566 0.0058865 0.0130064 0.0070865 0.0063428 0.0047871 0.0047871 0.0057657 0.0067499 0.0057838 0.0087644 0.0067719 0.0040141 0.0048593 0.0029077 0.0037303 0.0027895 0.0065932 0.0066139 0.0079132 0.0079132 0.0120562 0.0120562 0.0037868 0.0155306 0.0155306 0.0116682 0.0047839 0.0034647 
MT133690|UV/BlackBird/Sweden/SVA190801SZ0368/VLT001567/2019|turdus_merula|SE|2019-08-01 0.0024478 0.0018580 0.0011699 0.0011703 0.0016601 0.0010719 0.0026485 0.0000000 0.0056562 0.0054538 0.0058593 0.0055528 0.0061602 0.0059575 0.0054542 0.0054517 0.0054489 0.0058525 0.0057571 0.0045441 0.0044437 0.0044423 0.0054513 0.0053490 0.0048466 0.0047477 0.0043420 0.0045424 0.0046436 0.0047441 0.0047444 0.0047444 0.0046438 0.0048463 0.0047456 0.0048466 0.0050475 0.0049454 0.0049507 0.0050456 0.0052478 0.0050456 0.0052506 0.0051489 0.0057537 0.0057546 0.0064645 0.0060585 0.0059570 0.0048450 0.0063692 0.0042395 0.0040401 0.0032424 0.0039408 0.0033417 0.0038407 0.0036398 0.0052443 0.0059534 0.0066653 0.0049459 0.0063665 0.0066726 0.0053503 0.0063678 0.0057544 0.0057541 0.0065771 0.0062606 0.0061209 0.0061085 0.0056567 0.0058004 0.0021449 0.0040913 0.0040957 0.0043370 0.0048276 0.0033580 0.0028736 0.0028736 0.0036006 0.0033584 0.0036043 0.0046504 0.0033602 0.0028728 0.0028728 0.0033576 0.0033572 0.0038467 0.0043311 0.0031129 0.0026297 0.0014269 0.0028709 0.0043299 0.0043299 0.0035997 0.0038440 0.0038467 0.0050692 0.0050692 0.0046740 0.0061069 0.0068884 0.0061369 0.0031203 0.0038098 0.0025231 0.0079649 0.0064483 0.0064343 0.0145285 0.0085480 0.0074287 0.0057652 0.0057652 0.0067502 0.0077413 0.0067716 0.0097731 0.0077668 0.0023248 0.0032165 0.0007190 0.0027881 0.0018531 0.0056316 0.0056491 0.0079132 0.0079132 0.0120562 0.0120562 0.0037868 0.0155306 0.0155306 0.0116682 0.0047839 0.0022990 
KY263626|NA|turdus_merula|BE|2016-09                                                    0.0053505 0.0059628 0.0052507 0.0052522 0.0057555 0.0051489 0.0067793 0.0056562 0.0000000 0.0017604 0.0021548 0.0018581 0.0024497 0.0022523 0.0011704 0.0007789 0.0025478 0.0031418 0.0026489 0.0016615 0.0015632 0.0015628 0.0017596 0.0024494 0.0019565 0.0018589 0.0014646 0.0016609 0.0017592 0.0018575 0.0018577 0.0018577 0.0017592 0.0019566 0.0018581 0.0019567 0.0021537 0.0020545 0.0020567 0.0021529 0.0023505 0.0021529 0.0023517 0.0022526 0.0028454 0.0018579 0.0035410 0.0031434 0.0030441 0.0019561 0.0034448 0.0039422 0.0041425 0.0031448 0.0038431 0.0030453 0.0039429 0.0035426 0.0039422 0.0044438 0.0037387 0.0020547 0.0034434 0.0037427 0.0026479 0.0026493 0.0028458 0.0028456 0.0050590 0.0035407 0.0033764 0.0027213 0.0030239 0.0048211 0.0045802 0.0026316 0.0016705 0.0000010 0.0014272 0.0019075 0.0014273 0.0014273 0.0021475 0.0009500 0.0021497 0.0002401 0.0019087 0.0014279 0.0014279 0.0009498 0.0019070 0.0023899 0.0038467 0.0026319 0.0026322 0.0028763 0.0023905 0.0038457 0.0038457 0.0021470 0.0023882 0.0023899 0.0035992 0.0035992 0.0000010 0.0015023 0.0022594 0.0015096 0.0015520 0.0056662 0.0062153 0.0039217 0.0020199 0.0015814 0.0056361 0.0000010 0.0010369 0.0009449 0.0009449 0.0018961 0.0028541 0.0019020 0.0048027 0.0028630 0.0053776 0.0044486 0.0014465 0.0075883 0.0066204 0.0105421 0.0105766 0.0079132 0.0079132 0.0120562 0.0120562 0.0037868 0.0155306 0.0155306 0.0116682 0.0047839 0.0046208 
MN122152|AS201600060|turdus_merula|NL|2016-09-12                                        0.0051486 0.0057599 0.0050489 0.0050503 0.0055531 0.0049473 0.0063712 0.0054538 0.0017604 0.0000000 0.0009746 0.0016614 0.0022522 0.0020550 0.0015638 0.0015631 0.0023502 0.0029434 0.0024509 0.0014650 0.0013669 0.0013665 0.0015630 0.0022519 0.0017597 0.0016621 0.0012684 0.0014645 0.0015626 0.0016609 0.0016610 0.0016610 0.0015627 0.0017597 0.0016614 0.0017598 0.0019566 0.0018576 0.0018595 0.0019558 0.0021532 0.0019558 0.0021543 0.0020553 0.0026474 0.0018579 0.0033419 0.0029449 0.0028457 0.0017593 0.0032457 0.0037425 0.0039425 0.0029462 0.0034441 0.0028469 0.0037431 0.0033434 0.0037425 0.0041434 0.0035395 0.0018578 0.0032444 0.0035433 0.0024501 0.0024513 0.0026477 0.0026475 0.0048571 0.0033417 0.0031755 0.0024827 0.0025718 0.0045796 0.0043388 0.0023921 0.0000010 0.0016705 0.0021516 0.0016689 0.0011894 0.0011894 0.0019087 0.0007125 0.0019107 0.0019391 0.0016700 0.0011891 0.0011891 0.0007123 0.0016685 0.0021507 0.0036060 0.0023924 0.0023927 0.0026364 0.0021512 0.0036050 0.0036050 0.0019083 0.0021492 0.0021507 0.0033589 0.0033589 0.0007685 0.0022596 0.0030210 0.0022697 0.0023340 0.0056663 0.0062153 0.0040876 0.0020202 0.0021124 0.0056361 0.0000010 0.0010369 0.0009449 0.0009449 0.0018961 0.0028541 0.0019020 0.0048027 0.0028630 0.0046990 0.0036338 0.0007207 0.0056519 0.0046956 0.0085639 0.0085912 0.0079132 0.0079132 0.0120562 0.0120562 0.0037868 0.0155306 0.0155306 0.0116682 0.0047839 0.0022909 
MN122203|AS201700127|turdus_merula|NL|2017-07-30                                        0.0055531 0.0061665 0.0054531 0.0054547 0.0059588 0.0053511 0.0067797 0.0058593 0.0021548 0.0009746 0.0000000 0.0020553 0.0026478 0.0024500 0.0017606 0.0019568 0.0027459 0.0033407 0.0028473 0.0018584 0.0017600 0.0017595 0.0019566 0.0026474 0.0021538 0.0020562 0.0016611 0.0018578 0.0019561 0.0020547 0.0020548 0.0020548 0.0019562 0.0021540 0.0020553 0.0021541 0.0023513 0.0022519 0.0022543 0.0023505 0.0025484 0.0023504 0.0025497 0.0024504 0.0030440 0.0022524 0.0037406 0.0033424 0.0032430 0.0021534 0.0036445 0.0041425 0.0042430 0.0033440 0.0038434 0.0032443 0.0041432 0.0037423 0.0039424 0.0045447 0.0039385 0.0022522 0.0034436 0.0037430 0.0028463 0.0028478 0.0030444 0.0030442 0.0052615 0.0037403 0.0035778 0.0029607 0.0027978 0.0055636 0.0053219 0.0033608 0.0014284 0.0026343 0.0031189 0.0026318 0.0021498 0.0021498 0.0028732 0.0016691 0.0028762 0.0029190 0.0026335 0.0021492 0.0021492 0.0016687 0.0026311 0.0031176 0.0043387 0.0033612 0.0033617 0.0036079 0.0031183 0.0043376 0.0043376 0.0028725 0.0031153 0.0031176 0.0043340 0.0043340 0.0030998 0.0045566 0.0037860 0.0045783 0.0047092 0.0062278 0.0067780 0.0040879 0.0028950 0.0037193 0.0070814 0.0013895 0.0020833 0.0038187 0.0038187 0.0047899 0.0057683 0.0048051 0.0077668 0.0057869 0.0050409 0.0040435 0.0014463 0.0056519 0.0046956 0.0085639 0.0085912 0.0079132 0.0079132 0.0120562 0.0120562 0.0037868 0.0155306 0.0155306 0.0116682 0.0047839 0.0022909 
MN122158|AS201600104|turdus_merula|NL|2016-09-22                                        0.0052474 0.0058589 0.0051477 0.0051492 0.0056520 0.0050460 0.0066745 0.0055528 0.0018581 0.0016614 0.0020553 0.0000000 0.0013654 0.0013653 0.0016615 0.0016608 0.0024480 0.0028431 0.0025489 0.0015626 0.0014645 0.0014640 0.0002915 0.0023497 0.0018573 0.0017598 0.0013659 0.0015621 0.0016602 0.0017585 0.0017586 0.0017586 0.0016603 0.0018574 0.0017590 0.0018575 0.0020543 0.0019553 0.0019573 0.0020535 0.0022509 0.0020535 0.0022521 0.0021531 0.0027453 0.0009739 0.0034400 0.0030429 0.0029437 0.0018569 0.0033439 0.0038408 0.0040409 0.0030443 0.0037418 0.0029449 0.0038414 0.0034416 0.0038408 0.0043418 0.0036376 0.0019555 0.0033425 0.0036415 0.0025480 0.0013662 0.0027456 0.0027455 0.0049560 0.0032410 0.0030739 0.0011754 0.0029095 0.0045758 0.0043351 0.0023901 0.0014296 0.0016691 0.0021498 0.0016675 0.0011884 0.0011884 0.0019072 0.0007119 0.0019091 0.0019374 0.0016686 0.0011881 0.0011881 0.0007117 0.0016671 0.0021489 0.0036029 0.0023904 0.0023907 0.0026342 0.0021495 0.0036020 0.0036020 0.0019067 0.0021474 0.0021489 0.0033561 0.0033561 0.0007704 0.0022652 0.0030283 0.0022759 0.0023402 0.0058565 0.0064063 0.0044219 0.0014386 0.0021161 0.0071150 0.0013958 0.0020903 0.0019019 0.0019019 0.0028630 0.0038307 0.0028717 0.0058016 0.0038428 0.0043480 0.0036239 0.0007189 0.0066172 0.0056548 0.0095494 0.0095805 0.0120583 0.0120583 0.0163371 0.0163371 0.0076836 0.0155306 0.0155306 0.0157907 0.0097422 0.0034510 
MN122235|AS201800112|turdus_merula|NL|2018-08-14                                        0.0056508 0.0064679 0.0057533 0.0057550 0.0062597 0.0056511 0.0072871 0.0061602 0.0024497 0.0022522 0.0026478 0.0013654 0.0000000 0.0017578 0.0022523 0.0022513 0.0028436 0.0034385 0.0031433 0.0021529 0.0020543 0.0020536 0.0012673 0.0027451 0.0022514 0.0023510 0.0019552 0.0021521 0.0022506 0.0023493 0.0023494 0.0023494 0.0022507 0.0024488 0.0023500 0.0024489 0.0026464 0.0025468 0.0025496 0.0026455 0.0028437 0.0026455 0.0026474 0.0027457 0.0031418 0.0017578 0.0040377 0.0036390 0.0035394 0.0024482 0.0037424 0.0044404 0.0046424 0.0036407 0.0043412 0.0035408 0.0044412 0.0040395 0.0044404 0.0047441 0.0042358 0.0025471 0.0039401 0.0042404 0.0031421 0.0021527 0.0031421 0.0031420 0.0055620 0.0038382 0.0036766 0.0021229 0.0035889 0.0053125 0.0055626 0.0036001 0.0026335 0.0028732 0.0033581 0.0023885 0.0023882 0.0023882 0.0031120 0.0019072 0.0031152 0.0031616 0.0028723 0.0023875 0.0023875 0.0019067 0.0023879 0.0033567 0.0048241 0.0036005 0.0036010 0.0038476 0.0033575 0.0048228 0.0048228 0.0026286 0.0033543 0.0033567 0.0040862 0.0040862 0.0023241 0.0037953 0.0045674 0.0038147 0.0031297 0.0062303 0.0067808 0.0045880 0.0020179 0.0037246 0.0115561 0.0056663 0.0052836 0.0028628 0.0028628 0.0038308 0.0048049 0.0038427 0.0067935 0.0048205 0.0053695 0.0040325 0.0029003 0.0056519 0.0066134 0.0085639 0.0105649 0.0162577 0.0162577 0.0206535 0.0206535 0.0037868 0.0210636 0.0210636 0.0116682 0.0047839 0.0046150 
MN122177|AS201600253|turdus_merula|NL|2016-09-27                                        0.0056511 0.0062647 0.0055512 0.0055528 0.0060568 0.0054491 0.0070826 0.0059575 0.0022523 0.0020550 0.0024500 0.0013653 0.0017578 0.0000000 0.0020551 0.0020542 0.0026457 0.0032399 0.0029449 0.0019559 0.0018574 0.0018568 0.0012673 0.0025473 0.0020543 0.0021537 0.0017585 0.0019552 0.0020535 0.0021521 0.0021522 0.0021522 0.0020536 0.0022514 0.0021528 0.0022515 0.0024488 0.0023494 0.0023519 0.0024479 0.0026459 0.0024479 0.0024497 0.0025479 0.0029435 0.0017577 0.0038382 0.0034401 0.0033406 0.0022508 0.0035431 0.0042403 0.0044410 0.0034416 0.0041411 0.0033419 0.0042410 0.0038400 0.0042403 0.0045424 0.0040362 0.0023496 0.0037407 0.0040405 0.0029438 0.0021526 0.0029438 0.0029437 0.0053598 0.0036390 0.0034756 0.0020039 0.0031354 0.0048209 0.0050698 0.0031146 0.0021509 0.0023901 0.0028733 0.0019074 0.0019072 0.0019072 0.0026286 0.0014279 0.0026313 0.0026704 0.0023894 0.0019067 0.0019067 0.0014275 0.0019069 0.0028721 0.0043339 0.0031149 0.0031154 0.0033607 0.0028728 0.0043328 0.0043328 0.0021469 0.0028700 0.0028721 0.0035990 0.0035990 0.0015449 0.0030285 0.0037950 0.0015132 0.0031297 0.0062309 0.0067815 0.0045884 0.0017281 0.0015841 0.0071150 0.0013958 0.0031475 0.0028628 0.0028628 0.0038308 0.0048049 0.0038427 0.0067935 0.0048205 0.0050276 0.0036239 0.0021694 0.0046958 0.0056519 0.0075889 0.0095753 0.0120301 0.0120301 0.0162971 0.0162971 0.0000010 0.0155306 0.0155306 0.0076838 0.0000010 0.0034489 
MN122188|AS201700024|turdus_merula|NL|2017-04-11                                        0.0051490 0.0057602 0.0050492 0.0050507 0.0055534 0.0049476 0.0065756 0.0054542 0.0011704 0.0015638 0.0017606 0.0016615 0.0022523 0.0020551 0.0000000 0.0009743 0.0023503 0.0029436 0.0024511 0.0014651 0.0013670 0.0013665 0.0015631 0.0022520 0.0017598 0.0016622 0.0012685 0.0014646 0.0015627 0.0016610 0.0016611 0.0016611 0.0015628 0.0017598 0.0016615 0.0017599 0.0019567 0.0018577 0.0018597 0.0019560 0.0021533 0.0019559 0.0021544 0.0020555 0.0026475 0.0018581 0.0033421 0.0029451 0.0028459 0.0017594 0.0032459 0.0037427 0.0039428 0.0029464 0.0036438 0.0028470 0.0037433 0.0033436 0.0037427 0.0042436 0.0035397 0.0018579 0.0032446 0.0035435 0.0024502 0.0024515 0.0026478 0.0026477 0.0048574 0.0033419 0.0029751 0.0022444 0.0024592 0.0048252 0.0045841 0.0026338 0.0016719 0.0009501 0.0009501 0.0019091 0.0014285 0.0014285 0.0021493 0.0009508 0.0021515 0.0012068 0.0019103 0.0014282 0.0014282 0.0009506 0.0019086 0.0023919 0.0038500 0.0026341 0.0026344 0.0028788 0.0023925 0.0038489 0.0038489 0.0021488 0.0023902 0.0023919 0.0036022 0.0036022 0.0007685 0.0007487 0.0030210 0.0022697 0.0023340 0.0054803 0.0060290 0.0037564 0.0014400 0.0021124 0.0056361 0.0000010 0.0020833 0.0018960 0.0018960 0.0028543 0.0038188 0.0028630 0.0057841 0.0038310 0.0046993 0.0040439 0.0014501 0.0066172 0.0056548 0.0095494 0.0095805 0.0079132 0.0079132 0.0120562 0.0120562 0.0037868 0.0155306 0.0155306 0.0116682 0.0047839 0.0034510 
MN122192|AS201700086|turdus_merula|NL|2017-07-11                                        0.0051467 0.0057576 0.0050470 0.0050484 0.0055509 0.0049454 0.0065726 0.0054517 0.0007789 0.0015631 0.0019568 0.0016608 0.0022513 0.0020542 0.0009743 0.0000000 0.0023493 0.0029423 0.0024500 0.0014645 0.0013664 0.0013659 0.0015624 0.0022511 0.0017590 0.0016615 0.0012679 0.0014640 0.0015620 0.0016602 0.0016603 0.0016603 0.0015621 0.0017591 0.0016608 0.0017592 0.0019558 0.0018569 0.0018588 0.0019551 0.0021524 0.0019551 0.0021535 0.0020546 0.0026464 0.0018572 0.0033406 0.0029438 0.0028446 0.0017586 0.0032445 0.0037411 0.0039410 0.0029451 0.0036421 0.0028458 0.0037417 0.0033422 0.0037410 0.0042417 0.0035381 0.0018571 0.0032431 0.0035419 0.0024491 0.0024504 0.0026467 0.0026465 0.0048552 0.0033404 0.0031743 0.0022433 0.0026835 0.0045760 0.0043353 0.0023903 0.0014297 0.0007114 0.0011876 0.0016676 0.0011885 0.0011885 0.0019073 0.0007119 0.0019092 0.0009630 0.0016687 0.0011882 0.0011882 0.0007118 0.0016672 0.0021490 0.0036031 0.0023905 0.0023908 0.0026344 0.0021496 0.0036022 0.0036022 0.0019068 0.0021475 0.0021490 0.0033563 0.0033563 0.0007685 0.0022596 0.0030210 0.0022697 0.0023340 0.0060393 0.0065891 0.0042533 0.0020200 0.0021124 0.0056361 0.0000010 0.0010369 0.0009449 0.0009449 0.0018961 0.0028541 0.0019020 0.0048027 0.0028630 0.0043531 0.0036290 0.0007207 0.0066172 0.0056548 0.0095494 0.0095805 0.0079132 0.0079132 0.0120562 0.0120562 0.0037868 0.0155306 0.0155306 0.0116682 0.0047839 0.0034510 
MN122198|AS201700109|turdus_merula|NL|2017-07-25                                        0.0051440 0.0057547 0.0050444 0.0050458 0.0053460 0.0049428 0.0065692 0.0054489 0.0025478 0.0023502 0.0027459 0.0024480 0.0028436 0.0026457 0.0023503 0.0023493 0.0000000 0.0011692 0.0024488 0.0012677 0.0011698 0.0011694 0.0023491 0.0004862 0.0015618 0.0014642 0.0010716 0.0012672 0.0013651 0.0014631 0.0014632 0.0014632 0.0013652 0.0015617 0.0014636 0.0015618 0.0017581 0.0016594 0.0016612 0.0017575 0.0019543 0.0017575 0.0011702 0.0018566 0.0022502 0.0026454 0.0031403 0.0027442 0.0026452 0.0015613 0.0014651 0.0037392 0.0039390 0.0029436 0.0036403 0.0028443 0.0037398 0.0033405 0.0035398 0.0038401 0.0033375 0.0016596 0.0030429 0.0033411 0.0022505 0.0032421 0.0022505 0.0022504 0.0046503 0.0015617 0.0013796 0.0025999 0.0025692 0.0031117 0.0043306 0.0023877 0.0023902 0.0026294 0.0031131 0.0011873 0.0011872 0.0011872 0.0019052 0.0016660 0.0019072 0.0029135 0.0016669 0.0011868 0.0011868 0.0016656 0.0011870 0.0021467 0.0035992 0.0023879 0.0023883 0.0026315 0.0021473 0.0035983 0.0035983 0.0014264 0.0021452 0.0021467 0.0009495 0.0009495 0.0007685 0.0022596 0.0030210 0.0022697 0.0023340 0.0056662 0.0062153 0.0035906 0.0020202 0.0021124 0.0070818 0.0013895 0.0020833 0.0018960 0.0018960 0.0028543 0.0038188 0.0028630 0.0057841 0.0038310 0.0046866 0.0032171 0.0007189 0.0027981 0.0037417 0.0056523 0.0076057 0.0120301 0.0120301 0.0162971 0.0162971 0.0000010 0.0155306 0.0155306 0.0076838 0.0000010 0.0011397 
NA|20TV2299|turdus_merula|NL|2020-08-29                                                 0.0055466 0.0061592 0.0054468 0.0054483 0.0057492 0.0053449 0.0069760 0.0058525 0.0031418 0.0029434 0.0033407 0.0028431 0.0034385 0.0032399 0.0029436 0.0029423 0.0011692 0.0000000 0.0030423 0.0018563 0.0017580 0.0017575 0.0027440 0.0010716 0.0021516 0.0020539 0.0016592 0.0018557 0.0019539 0.0020523 0.0020525 0.0020525 0.0019540 0.0021515 0.0020530 0.0021516 0.0023486 0.0022494 0.0022518 0.0023478 0.0025455 0.0023478 0.0017587 0.0024476 0.0026450 0.0032395 0.0037363 0.0033386 0.0032393 0.0021509 0.0020550 0.0043379 0.0045396 0.0035391 0.0042387 0.0034394 0.0043386 0.0039375 0.0041377 0.0044394 0.0039340 0.0022496 0.0036388 0.0039382 0.0028430 0.0038390 0.0028430 0.0028429 0.0052554 0.0013655 0.0012805 0.0028381 0.0030206 0.0033536 0.0050638 0.0031110 0.0031142 0.0033540 0.0038401 0.0019052 0.0019050 0.0019050 0.0026255 0.0023854 0.0026283 0.0034043 0.0023866 0.0019045 0.0019045 0.0023848 0.0019047 0.0028687 0.0043288 0.0031113 0.0031117 0.0033567 0.0028694 0.0043276 0.0043276 0.0021444 0.0028667 0.0028687 0.0011876 0.0011876 0.0023164 0.0037832 0.0045525 0.0038021 0.0039099 0.0062246 0.0067745 0.0047509 0.0023105 0.0031799 0.0070818 0.0013895 0.0041933 0.0038147 0.0038147 0.0047847 0.0057622 0.0048000 0.0077584 0.0057808 0.0050267 0.0032171 0.0007189 0.0027981 0.0037417 0.0056523 0.0076057 0.0120301 0.0120301 0.0162971 0.0162971 0.0000010 0.0155306 0.0155306 0.0076838 0.0000010 0.0011397 
MN122215|AS201800038|turdus_merula|NL|2017-09-11                                        0.0054512 0.0060639 0.0053513 0.0053528 0.0056538 0.0052494 0.0068810 0.0057571 0.0026489 0.0024509 0.0028473 0.0025489 0.0031433 0.0029449 0.0024511 0.0024500 0.0024488 0.0030423 0.0000000 0.0015631 0.0014649 0.0014645 0.0024498 0.0023504 0.0018579 0.0017603 0.0013663 0.0015626 0.0016607 0.0017590 0.0017591 0.0017591 0.0016608 0.0018580 0.0017596 0.0018581 0.0020549 0.0019559 0.0019579 0.0020542 0.0022516 0.0020542 0.0022528 0.0021538 0.0027461 0.0027466 0.0034411 0.0030439 0.0029446 0.0018575 0.0033450 0.0040419 0.0042424 0.0032440 0.0039428 0.0031444 0.0040426 0.0036420 0.0038420 0.0043431 0.0036388 0.0019561 0.0033436 0.0036427 0.0025488 0.0033443 0.0027465 0.0027463 0.0048534 0.0034409 0.0032756 0.0033185 0.0027976 0.0045748 0.0043342 0.0000010 0.0023921 0.0026316 0.0031156 0.0016672 0.0011882 0.0011882 0.0019068 0.0016674 0.0019087 0.0029160 0.0016682 0.0011878 0.0011878 0.0016670 0.0016668 0.0021485 0.0036022 0.0023899 0.0023902 0.0026337 0.0021490 0.0036012 0.0036012 0.0019063 0.0021470 0.0021485 0.0033554 0.0033554 0.0000010 0.0022587 0.0030188 0.0022697 0.0023330 0.0062266 0.0067767 0.0040872 0.0017296 0.0021117 0.0056361 0.0000010 0.0010369 0.0009449 0.0009449 0.0018961 0.0028541 0.0019020 0.0048027 0.0028630 0.0046930 0.0040381 0.0000010 0.0056704 0.0047111 0.0085925 0.0086198 0.0079132 0.0079132 0.0120562 0.0120562 0.0037868 0.0155306 0.0155306 0.0116682 0.0047839 0.0022991 
KY426753|NA|turdus_merula|DE|2015-08-18                                                 0.0042415 0.0048486 0.0041423 0.0041435 0.0044422 0.0040416 0.0056581 0.0045441 0.0016615 0.0014650 0.0018584 0.0015626 0.0021529 0.0019559 0.0014651 0.0014645 0.0012677 0.0018563 0.0015631 0.0000000 0.0002917 0.0002916 0.0014644 0.0011700 0.0008768 0.0005842 0.0001943 0.0003889 0.0004863 0.0005837 0.0005838 0.0005838 0.0004863 0.0006815 0.0005839 0.0006815 0.0008768 0.0007789 0.0007797 0.0008764 0.0008765 0.0008764 0.0010726 0.0009746 0.0015622 0.0017590 0.0022512 0.0018573 0.0017589 0.0006813 0.0021547 0.0028461 0.0030448 0.0020551 0.0027476 0.0019565 0.0028466 0.0024498 0.0026479 0.0031445 0.0024477 0.0007789 0.0021538 0.0024503 0.0013663 0.0023518 0.0015624 0.0015623 0.0037499 0.0022511 0.0020751 0.0021244 0.0015592 0.0038430 0.0036029 0.0016687 0.0016704 0.0019092 0.0023908 0.0009499 0.0004742 0.0004742 0.0011881 0.0009500 0.0011894 0.0021815 0.0000010 0.0004741 0.0004741 0.0009497 0.0009496 0.0014279 0.0028747 0.0016689 0.0016691 0.0019107 0.0014282 0.0028739 0.0028739 0.0011878 0.0014278 0.0014279 0.0026300 0.0026300 0.0007684 0.0022596 0.0030209 0.0022696 0.0023340 0.0051081 0.0056560 0.0030948 0.0017298 0.0021123 0.0070814 0.0013895 0.0020833 0.0009449 0.0009449 0.0018961 0.0028541 0.0019020 0.0048027 0.0028630 0.0036740 0.0028102 0.0000010 0.0037417 0.0027980 0.0066139 0.0066348 0.0079132 0.0079132 0.0120562 0.0120562 0.0037868 0.0155306 0.0155306 0.0116682 0.0047839 0.0000010 
KY426750|NA|turdus_merula|DE|2015-10-07                                                 0.0041414 0.0047480 0.0040423 0.0040434 0.0043419 0.0039416 0.0055568 0.0044437 0.0015632 0.0013669 0.0017600 0.0014645 0.0020543 0.0018574 0.0013670 0.0013664 0.0011698 0.0017580 0.0014649 0.0002917 0.0000000 0.0001943 0.0013663 0.0010721 0.0007791 0.0004866 0.0000964 0.0002916 0.0003889 0.0004863 0.0004863 0.0004863 0.0003889 0.0005839 0.0004864 0.0005840 0.0007791 0.0006813 0.0006820 0.0007788 0.0009743 0.0007788 0.0009748 0.0008769 0.0014641 0.0016607 0.0021526 0.0017589 0.0016606 0.0005838 0.0020560 0.0027470 0.0029455 0.0019566 0.0026486 0.0018580 0.0027475 0.0023510 0.0025490 0.0030452 0.0023489 0.0006813 0.0020552 0.0023514 0.0012683 0.0022530 0.0014643 0.0014642 0.0036500 0.0021525 0.0019756 0.0020055 0.0014473 0.0033541 0.0031146 0.0011882 0.0011894 0.0014273 0.0019078 0.0004738 0.0000010 0.0000010 0.0007112 0.0004738 0.0007119 0.0016924 0.0004741 0.0000010 0.0000010 0.0004737 0.0004737 0.0009496 0.0023895 0.0011883 0.0011885 0.0014285 0.0009499 0.0023889 0.0023889 0.0007110 0.0009489 0.0009496 0.0021464 0.0021464 0.0000010 0.0015023 0.0022594 0.0015096 0.0015520 0.0051112 0.0056595 0.0030965 0.0014400 0.0015814 0.0056361 0.0000010 0.0010369 0.0009449 0.0009449 0.0018961 0.0028541 0.0019020 0.0048027 0.0028630 0.0033323 0.0028102 0.0000010 0.0037417 0.0027980 0.0066139 0.0066348 0.0079132 0.0079132 0.0120562 0.0120562 0.0037868 0.0155306 0.0155306 0.0116682 0.0047839 0.0000010 
KY426752|NA|turdus_merula|DE|2015-08-18                                                 0.0041401 0.0047464 0.0040409 0.0040421 0.0043405 0.0039403 0.0055550 0.0044423 0.0015628 0.0013665 0.0017595 0.0014640 0.0020536 0.0018568 0.0013665 0.0013659 0.0011694 0.0017575 0.0014645 0.0002916 0.0001943 0.0000000 0.0013658 0.0010718 0.0007788 0.0004865 0.0000963 0.0002915 0.0003888 0.0004861 0.0004862 0.0004862 0.0003888 0.0005837 0.0004863 0.0005838 0.0007788 0.0006811 0.0006818 0.0007785 0.0009740 0.0007785 0.0009745 0.0008766 0.0014636 0.0016602 0.0021519 0.0017583 0.0016601 0.0005836 0.0020554 0.0027461 0.0029446 0.0019560 0.0026477 0.0018574 0.0027466 0.0023502 0.0025482 0.0030442 0.0023482 0.0006811 0.0020545 0.0023507 0.0012679 0.0022523 0.0014638 0.0014637 0.0036488 0.0021518 0.0019750 0.0020048 0.0014467 0.0033541 0.0031146 0.0011882 0.0011894 0.0014273 0.0019078 0.0004738 0.0000010 0.0000010 0.0007112 0.0004738 0.0007119 0.0016924 0.0004741 0.0000010 0.0000010 0.0004737 0.0004737 0.0009496 0.0023895 0.0011883 0.0011885 0.0014285 0.0009499 0.0023889 0.0023889 0.0007110 0.0009489 0.0009496 0.0021464 0.0021464 0.0000010 0.0015023 0.0022594 0.0015096 0.0015520 0.0049224 0.0054700 0.0029302 0.0014400 0.0015814 0.0056361 0.0000010 0.0010369 0.0009449 0.0009449 0.0018961 0.0028541 0.0019020 0.0048027 0.0028630 0.0033323 0.0028102 0.0000010 0.0037417 0.0027980 0.0066139 0.0066348 0.0079132 0.0079132 0.0120562 0.0120562 0.0037868 0.0155306 0.0155306 0.0116682 0.0047839 0.0000010 
OP555958|NA|turdus_merula|BE|2017-08-07                                                 0.0051463 0.0057572 0.0050466 0.0050480 0.0055505 0.0049450 0.0065721 0.0054513 0.0017596 0.0015630 0.0019566 0.0002915 0.0012673 0.0012673 0.0015631 0.0015624 0.0023491 0.0027440 0.0024498 0.0014644 0.0013663 0.0013658 0.0000000 0.0022509 0.0017589 0.0016613 0.0012678 0.0014638 0.0015619 0.0016601 0.0016602 0.0016602 0.0015620 0.0017590 0.0016606 0.0017591 0.0019557 0.0018567 0.0018587 0.0019550 0.0021522 0.0019550 0.0021533 0.0020544 0.0026462 0.0010716 0.0033404 0.0029435 0.0028444 0.0017585 0.0032442 0.0037408 0.0039407 0.0029449 0.0036419 0.0028456 0.0037414 0.0033419 0.0037408 0.0042414 0.0035379 0.0018569 0.0032429 0.0035417 0.0024490 0.0014643 0.0026465 0.0026463 0.0048549 0.0031415 0.0029735 0.0012934 0.0027963 0.0045758 0.0043351 0.0023901 0.0014296 0.0016691 0.0021498 0.0016675 0.0011884 0.0011884 0.0019072 0.0007119 0.0019091 0.0019374 0.0016686 0.0011881 0.0011881 0.0007117 0.0016671 0.0021489 0.0036029 0.0023904 0.0023907 0.0026342 0.0021495 0.0036020 0.0036020 0.0019067 0.0021474 0.0021489 0.0033561 0.0033561 0.0007704 0.0022652 0.0030283 0.0022759 0.0023402 0.0056691 0.0062184 0.0042552 0.0014384 0.0021161 0.0071150 0.0013958 0.0020903 0.0019019 0.0019019 0.0028630 0.0038307 0.0028717 0.0058016 0.0038428 0.0043480 0.0036239 0.0007189 0.0066172 0.0056548 0.0095494 0.0095805 0.0120583 0.0120583 0.0163371 0.0163371 0.0076836 0.0155306 0.0155306 0.0157907 0.0097422 0.0034510 
OP555957|NA|turdus_merula|BE|2017-07-24                                                 0.0050442 0.0056545 0.0049446 0.0049460 0.0052461 0.0048432 0.0064685 0.0053490 0.0024494 0.0022519 0.0026474 0.0023497 0.0027451 0.0025473 0.0022520 0.0022511 0.0004862 0.0010716 0.0023504 0.0011700 0.0010721 0.0010718 0.0022509 0.0000000 0.0014640 0.0013664 0.0009740 0.0011696 0.0012674 0.0013654 0.0013655 0.0013655 0.0012675 0.0014639 0.0013658 0.0014640 0.0016602 0.0015615 0.0015632 0.0016596 0.0018563 0.0016596 0.0010725 0.0017586 0.0021520 0.0025470 0.0030417 0.0026457 0.0025468 0.0014635 0.0011710 0.0036402 0.0038399 0.0028450 0.0035413 0.0027458 0.0036408 0.0032417 0.0034409 0.0037410 0.0032388 0.0015617 0.0029442 0.0032423 0.0021523 0.0031434 0.0021523 0.0021522 0.0045506 0.0014638 0.0012808 0.0027192 0.0024570 0.0035968 0.0048203 0.0028702 0.0028732 0.0031129 0.0035983 0.0016663 0.0016660 0.0016660 0.0023857 0.0021458 0.0023882 0.0034052 0.0021469 0.0016656 0.0016656 0.0021452 0.0016658 0.0026284 0.0040863 0.0028706 0.0028710 0.0031154 0.0026290 0.0040852 0.0040852 0.0019052 0.0026265 0.0026284 0.0014275 0.0014275 0.0007685 0.0022596 0.0030210 0.0022697 0.0023340 0.0054807 0.0060294 0.0034258 0.0017299 0.0021124 0.0070818 0.0013895 0.0020833 0.0018960 0.0018960 0.0028543 0.0038188 0.0028630 0.0057841 0.0038310 0.0053694 0.0040333 0.0007189 0.0046956 0.0056516 0.0075886 0.0095749 0.0120301 0.0120301 0.0162971 0.0162971 0.0000010 0.0155306 0.0155306 0.0076838 0.0000010 0.0022895 
KY426759|NA|turdus_merula|DE|2016-09-12                                                 0.0045421 0.0051509 0.0044427 0.0044440 0.0047443 0.0043417 0.0059621 0.0048466 0.0019565 0.0017597 0.0021538 0.0018573 0.0022514 0.0020543 0.0017598 0.0017590 0.0015618 0.0021516 0.0018579 0.0008768 0.0007791 0.0007788 0.0017589 0.0014640 0.0000000 0.0010727 0.0006812 0.0008764 0.0009741 0.0010719 0.0010720 0.0010720 0.0009742 0.0011701 0.0010723 0.0011702 0.0011702 0.0012677 0.0012690 0.0013656 0.0015619 0.0013656 0.0013665 0.0014643 0.0018570 0.0020541 0.0027451 0.0023498 0.0022511 0.0011698 0.0024510 0.0033423 0.0033428 0.0023511 0.0030451 0.0022523 0.0031443 0.0029446 0.0031434 0.0034428 0.0029420 0.0012678 0.0026476 0.0029451 0.0018573 0.0026482 0.0018573 0.0018572 0.0042503 0.0025473 0.0023740 0.0022433 0.0020077 0.0033545 0.0035997 0.0016672 0.0016689 0.0019075 0.0023887 0.0000010 0.0004738 0.0004738 0.0011870 0.0009491 0.0011883 0.0021796 0.0009496 0.0004737 0.0004737 0.0009488 0.0000010 0.0014276 0.0028721 0.0016674 0.0016676 0.0019090 0.0014279 0.0028714 0.0028714 0.0007111 0.0014266 0.0014276 0.0021467 0.0021467 0.0000010 0.0015023 0.0022594 0.0015096 0.0015520 0.0054831 0.0060321 0.0034272 0.0017296 0.0015814 0.0056361 0.0000010 0.0010369 0.0009449 0.0009449 0.0018961 0.0028541 0.0019020 0.0048027 0.0028630 0.0036701 0.0028109 0.0007190 0.0027981 0.0037417 0.0056523 0.0076057 0.0120301 0.0120301 0.0162971 0.0162971 0.0000010 0.0155306 0.0155306 0.0076838 0.0000010 0.0011397 
KJ438705|NA|culex_pipiens|DE|2010-07-14                                                 0.0044434 0.0050519 0.0043441 0.0043453 0.0046455 0.0042431 0.0058629 0.0047477 0.0018589 0.0016621 0.0020562 0.0017598 0.0023510 0.0021537 0.0016622 0.0016615 0.0014642 0.0020539 0.0017603 0.0005842 0.0004866 0.0004865 0.0016613 0.0013664 0.0010727 0.0000000 0.0003890 0.0005840 0.0006815 0.0007791 0.0007792 0.0007792 0.0006815 0.0008771 0.0007794 0.0008771 0.0010727 0.0009746 0.0009756 0.0010723 0.0012683 0.0010723 0.0012689 0.0011708 0.0017593 0.0019565 0.0024495 0.0020549 0.0019563 0.0008769 0.0023530 0.0030456 0.0032446 0.0022532 0.0029469 0.0021544 0.0030461 0.0026485 0.0026488 0.0033445 0.0026462 0.0009747 0.0023520 0.0026490 0.0015631 0.0025504 0.0017595 0.0017594 0.0037512 0.0024494 0.0022751 0.0022443 0.0017841 0.0038431 0.0036030 0.0016687 0.0016704 0.0019092 0.0023908 0.0009499 0.0004742 0.0004742 0.0011881 0.0009500 0.0011894 0.0021816 0.0009505 0.0004741 0.0004741 0.0009497 0.0009496 0.0014279 0.0028747 0.0016689 0.0016691 0.0019107 0.0014283 0.0028740 0.0028740 0.0011878 0.0014279 0.0014279 0.0026300 0.0026300 0.0000010 0.0015023 0.0022594 0.0015096 0.0015520 0.0051112 0.0056595 0.0030965 0.0014400 0.0015814 0.0056361 0.0000010 0.0010369 0.0009449 0.0009449 0.0018961 0.0028541 0.0019020 0.0048027 0.0028630 0.0040131 0.0036288 0.0007190 0.0056697 0.0047105 0.0085915 0.0086188 0.0120583 0.0120583 0.0163371 0.0163371 0.0076836 0.0211368 0.0211368 0.0157907 0.0097422 0.0011447 
