140
OR573993|AS201700147|branta_ruficollis|NL|2017-08-15                                    0.0000000 0.0029433 0.0020533 0.0027432 0.0021509 0.0037395 0.0026452 0.0055517 0.0053496 0.0056530 0.0057545 0.0058522 0.0058526 0.0053500 0.0053476 0.0053448 0.0057478 0.0056525 0.0044422 0.0043420 0.0043406 0.0053472 0.0052450 0.0047433 0.0046445 0.0044408 0.0044406 0.0043419 0.0046410 0.0046413 0.0046413 0.0047430 0.0046425 0.0049437 0.0048472 0.0049431 0.0049421 0.0049421 0.0051467 0.0050452 0.0048417 0.0056500 0.0063589 0.0059534 0.0058521 0.0047417 0.0062636 0.0041380 0.0039378 0.0031413 0.0028436 0.0030412 0.0033405 0.0032404 0.0039382 0.0037373 0.0051406 0.0058486 0.0056504 0.0065594 0.0048425 0.0063626 0.0061596 0.0065666 0.0054482 0.0062622 0.0056498 0.0056495 0.0064711 0.0061553 0.0060148 0.0059821 0.0057685 0.0065393 0.0028664 0.0048291 0.0050710 0.0055639 0.0040868 0.0036001 0.0036001 0.0043304 0.0040873 0.0043349 0.0053967 0.0035991 0.0035991 0.0040862 0.0040857 0.0045782 0.0050641 0.0038399 0.0038404 0.0035969 0.0050627 0.0050627 0.0043293 0.0053100 0.0055570 0.0045749 0.0058060 0.0058060 0.0030992 0.0045558 0.0053288 0.0045777 0.0015510 0.0028933 0.0034362 0.0069394 0.0055516 0.0037186 0.0100146 0.0056425 0.0041976 0.0038180 0.0038180 0.0047889 0.0047836 0.0057670 0.0077646 0.0057855 0.0057113 0.0052625 0.0044399 0.0056267 0.0095008 0.0095313 0.0120537 0.0163284 0.0163284 0.0163284 0.0076826 0.0211246 0.0211246 0.0049256 0.0199835 0.0047961 0.0070045 0.0094518 
NA|AS20190530|turdus_merula|NL|2019-08-19                                               0.0029433 0.0000000 0.0028454 0.0019556 0.0013661 0.0027464 0.0018578 0.0059616 0.0057588 0.0060633 0.0061652 0.0064666 0.0062634 0.0057592 0.0057566 0.0057536 0.0061580 0.0060628 0.0048479 0.0047472 0.0047457 0.0057561 0.0056535 0.0051501 0.0050511 0.0048463 0.0048461 0.0047472 0.0050472 0.0050475 0.0050475 0.0051497 0.0050489 0.0053512 0.0052547 0.0053505 0.0053494 0.0053494 0.0055550 0.0054531 0.0052487 0.0060601 0.0067715 0.0063646 0.0062629 0.0051484 0.0066763 0.0045422 0.0043423 0.0035416 0.0032429 0.0034411 0.0037416 0.0036411 0.0043427 0.0041408 0.0055484 0.0062591 0.0060605 0.0069727 0.0052495 0.0067755 0.0065718 0.0069803 0.0058576 0.0066749 0.0060599 0.0060596 0.0068848 0.0065671 0.0064304 0.0064781 0.0061210 0.0067988 0.0031130 0.0050835 0.0053259 0.0058206 0.0043381 0.0038497 0.0038497 0.0045825 0.0043386 0.0045873 0.0056566 0.0038487 0.0038487 0.0043375 0.0043369 0.0048313 0.0053187 0.0040901 0.0040907 0.0038463 0.0053172 0.0053172 0.0045813 0.0055654 0.0058133 0.0048278 0.0060633 0.0060633 0.0046847 0.0061213 0.0069052 0.0061507 0.0031279 0.0034449 0.0021615 0.0074534 0.0058568 0.0053510 0.0130009 0.0085460 0.0063412 0.0057825 0.0057825 0.0067704 0.0067629 0.0077645 0.0098024 0.0077901 0.0050338 0.0052710 0.0036993 0.0056295 0.0095055 0.0095360 0.0079110 0.0120516 0.0120516 0.0120516 0.0037870 0.0155245 0.0155245 0.0000010 0.0116646 0.0000010 0.0070087 0.0094576 
MN122166|AS201600133|turdus_merula|NL|2016-09-23                                        0.0020533 0.0028454 0.0000000 0.0026454 0.0020532 0.0036414 0.0025474 0.0052509 0.0050492 0.0053520 0.0054533 0.0057535 0.0055514 0.0050495 0.0050472 0.0050446 0.0054470 0.0053515 0.0041434 0.0040423 0.0040410 0.0050468 0.0049449 0.0044440 0.0043453 0.0041421 0.0041418 0.0040423 0.0043420 0.0043422 0.0043422 0.0044437 0.0043434 0.0046441 0.0045475 0.0046435 0.0046426 0.0046425 0.0048466 0.0047453 0.0045424 0.0053492 0.0058540 0.0056521 0.0055509 0.0044425 0.0059614 0.0038391 0.0036402 0.0028450 0.0025479 0.0027452 0.0030438 0.0029440 0.0036406 0.0034401 0.0048409 0.0055476 0.0053496 0.0062572 0.0045431 0.0060604 0.0058578 0.0062640 0.0051477 0.0059602 0.0053490 0.0053487 0.0061684 0.0058536 0.0057103 0.0056188 0.0055405 0.0060451 0.0000010 0.0043392 0.0045806 0.0050718 0.0036002 0.0031150 0.0031150 0.0038430 0.0036006 0.0038470 0.0048980 0.0031142 0.0031142 0.0035996 0.0035992 0.0040896 0.0045744 0.0033545 0.0033550 0.0031123 0.0045732 0.0045732 0.0038420 0.0048194 0.0050655 0.0040867 0.0053135 0.0053135 0.0030992 0.0045558 0.0053288 0.0045777 0.0015510 0.0032615 0.0038055 0.0072833 0.0058567 0.0042579 0.0085397 0.0042107 0.0041976 0.0038180 0.0038180 0.0047889 0.0047836 0.0057670 0.0077646 0.0057855 0.0043469 0.0044399 0.0036899 0.0027875 0.0065884 0.0066090 0.0079110 0.0120516 0.0120516 0.0120516 0.0037870 0.0155245 0.0155245 0.0000010 0.0116646 0.0000010 0.0034620 0.0058381 
MN122213|AS201700248|turdus_merula|NL|2017-09-20                                        0.0027432 0.0019556 0.0026454 0.0000000 0.0009738 0.0027462 0.0016599 0.0057545 0.0055521 0.0058559 0.0059576 0.0062584 0.0060557 0.0055524 0.0055500 0.0053451 0.0057482 0.0056528 0.0044425 0.0043422 0.0043408 0.0055496 0.0052453 0.0049448 0.0046448 0.0044410 0.0044408 0.0042420 0.0046413 0.0046415 0.0046415 0.0047433 0.0046428 0.0049440 0.0048475 0.0049434 0.0049424 0.0049423 0.0051470 0.0050455 0.0048420 0.0058528 0.0063592 0.0059537 0.0058524 0.0047420 0.0062639 0.0043384 0.0041389 0.0033401 0.0030420 0.0032398 0.0035396 0.0034394 0.0041393 0.0039370 0.0051409 0.0058489 0.0056507 0.0063564 0.0048428 0.0063630 0.0061600 0.0065670 0.0054485 0.0064661 0.0056501 0.0056498 0.0062677 0.0061556 0.0060151 0.0061052 0.0054232 0.0062924 0.0026256 0.0045843 0.0048259 0.0053180 0.0038435 0.0033576 0.0033576 0.0040867 0.0038440 0.0040910 0.0051475 0.0033567 0.0033567 0.0038430 0.0038425 0.0043340 0.0048193 0.0035972 0.0035977 0.0033546 0.0048181 0.0048181 0.0040857 0.0050648 0.0053114 0.0043309 0.0055599 0.0055599 0.0054651 0.0068852 0.0076709 0.0069189 0.0039094 0.0038096 0.0025229 0.0079581 0.0064489 0.0069824 0.0145215 0.0100220 0.0074222 0.0067446 0.0067446 0.0077357 0.0077271 0.0087328 0.0107795 0.0087616 0.0040090 0.0036235 0.0029439 0.0027888 0.0065918 0.0066124 0.0079110 0.0120516 0.0120516 0.0120516 0.0037870 0.0155245 0.0155245 0.0000010 0.0116646 0.0000010 0.0034632 0.0058412 
KY315178|Gracula_religiosa/U1609393/Belgium/2016|gracula_religiosa|BE|2016-10-03        0.0021509 0.0013661 0.0020532 0.0009738 0.0000000 0.0021532 0.0010718 0.0051480 0.0049465 0.0052490 0.0053502 0.0056501 0.0054482 0.0049468 0.0049446 0.0049421 0.0053440 0.0052485 0.0040408 0.0039409 0.0039396 0.0049442 0.0048424 0.0043420 0.0042434 0.0040395 0.0040393 0.0039409 0.0042402 0.0042404 0.0042404 0.0043417 0.0042415 0.0045419 0.0044454 0.0045414 0.0045405 0.0045404 0.0047442 0.0046430 0.0044403 0.0052462 0.0059531 0.0055488 0.0054478 0.0043406 0.0058577 0.0037379 0.0035393 0.0027449 0.0024481 0.0026452 0.0029435 0.0028438 0.0035396 0.0033394 0.0047386 0.0054445 0.0052466 0.0061533 0.0044411 0.0059566 0.0057542 0.0061600 0.0050450 0.0058565 0.0052461 0.0052458 0.0060643 0.0057501 0.0056059 0.0054943 0.0053077 0.0055517 0.0019046 0.0038502 0.0040912 0.0045807 0.0031147 0.0026312 0.0026312 0.0033567 0.0031150 0.0033602 0.0044004 0.0026305 0.0026305 0.0031142 0.0031139 0.0036022 0.0040857 0.0028703 0.0028707 0.0026289 0.0040846 0.0040846 0.0033559 0.0043299 0.0045750 0.0035996 0.0048220 0.0048220 0.0038826 0.0053271 0.0061052 0.0053535 0.0023332 0.0030759 0.0017975 0.0071083 0.0055509 0.0047981 0.0130009 0.0085460 0.0063412 0.0047861 0.0047861 0.0057644 0.0057581 0.0067482 0.0087616 0.0067701 0.0036697 0.0036227 0.0029439 0.0027875 0.0065884 0.0066090 0.0079110 0.0120516 0.0120516 0.0120516 0.0037870 0.0155245 0.0155245 0.0000010 0.0116646 0.0000010 0.0022997 0.0046533 
NA|AS20221798|turdus_merula|NL|2022-08-30                                               0.0037395 0.0027464 0.0036414 0.0027462 0.0021532 0.0000000 0.0026481 0.0067778 0.0063699 0.0066758 0.0067783 0.0072854 0.0070811 0.0065742 0.0065712 0.0065678 0.0069745 0.0068795 0.0056570 0.0055558 0.0055540 0.0065707 0.0064672 0.0059611 0.0058617 0.0056552 0.0056549 0.0055558 0.0058573 0.0058576 0.0058576 0.0059607 0.0058592 0.0061632 0.0060668 0.0061625 0.0061612 0.0061611 0.0063686 0.0062659 0.0060599 0.0068765 0.0075921 0.0071828 0.0070804 0.0059590 0.0074971 0.0053488 0.0051478 0.0043430 0.0040413 0.0042416 0.0043437 0.0044431 0.0051483 0.0049449 0.0061577 0.0070762 0.0068770 0.0077941 0.0059593 0.0075967 0.0073917 0.0078027 0.0066728 0.0074956 0.0066721 0.0068759 0.0072963 0.0073864 0.0072572 0.0072163 0.0067035 0.0065458 0.0028692 0.0048339 0.0050760 0.0055694 0.0040908 0.0036036 0.0036036 0.0043346 0.0040913 0.0043392 0.0054022 0.0036026 0.0036026 0.0040902 0.0040897 0.0045827 0.0050691 0.0038436 0.0038442 0.0036004 0.0050677 0.0050677 0.0043335 0.0053152 0.0055625 0.0045794 0.0058118 0.0058118 0.0038826 0.0053271 0.0061052 0.0053535 0.0023332 0.0043677 0.0030744 0.0086521 0.0067551 0.0058853 0.0130009 0.0085460 0.0063412 0.0047861 0.0047861 0.0057644 0.0057581 0.0067482 0.0087616 0.0067701 0.0050348 0.0048586 0.0052055 0.0027889 0.0065920 0.0066127 0.0079110 0.0120516 0.0120516 0.0120516 0.0037870 0.0155245 0.0155245 0.0000010 0.0116646 0.0000010 0.0034634 0.0058416 
MT133690|UV/BlackBird/Sweden/SVA190801SZ0368/VLT001567/2019|turdus_merula|SE|2019-08-01 0.0026452 0.0018578 0.0025474 0.0016599 0.0010718 0.0026481 0.0000000 0.0056552 0.0054529 0.0057566 0.0058582 0.0061590 0.0059563 0.0054532 0.0054508 0.0054480 0.0058514 0.0057561 0.0045444 0.0044440 0.0044426 0.0054504 0.0053480 0.0048458 0.0047470 0.0045429 0.0045427 0.0044440 0.0047434 0.0047437 0.0047437 0.0048455 0.0047449 0.0050464 0.0049499 0.0048445 0.0050448 0.0050448 0.0052497 0.0051480 0.0049443 0.0057536 0.0064632 0.0060573 0.0059558 0.0048442 0.0063679 0.0042397 0.0040393 0.0032418 0.0029439 0.0031416 0.0034413 0.0033411 0.0038400 0.0036391 0.0052435 0.0059523 0.0055515 0.0066639 0.0049451 0.0062634 0.0062638 0.0066712 0.0053494 0.0063666 0.0057534 0.0057531 0.0065757 0.0062594 0.0061198 0.0061074 0.0056557 0.0057989 0.0021448 0.0040950 0.0043362 0.0048267 0.0033576 0.0028733 0.0028733 0.0036001 0.0033580 0.0036038 0.0046496 0.0028725 0.0028725 0.0033571 0.0033567 0.0038462 0.0043304 0.0031126 0.0026295 0.0028707 0.0043292 0.0043292 0.0035992 0.0045750 0.0043310 0.0038434 0.0050682 0.0050682 0.0046728 0.0061056 0.0068874 0.0061345 0.0031192 0.0038093 0.0025227 0.0079628 0.0064469 0.0064328 0.0145215 0.0100220 0.0074265 0.0057639 0.0057639 0.0067485 0.0067410 0.0077392 0.0097697 0.0077645 0.0033327 0.0032162 0.0029439 0.0018532 0.0056301 0.0056479 0.0079110 0.0120516 0.0120516 0.0120516 0.0037870 0.0155245 0.0155245 0.0000010 0.0116646 0.0000010 0.0022997 0.0046533 
KY263626|NA|turdus_merula|BE|2016-09                                                    0.0055517 0.0059616 0.0052509 0.0057545 0.0051480 0.0067778 0.0056552 0.0000000 0.0017602 0.0020558 0.0021545 0.0024494 0.0022520 0.0011703 0.0007789 0.0025475 0.0031413 0.0026485 0.0016614 0.0015631 0.0015626 0.0017594 0.0024491 0.0011706 0.0018587 0.0016608 0.0016608 0.0015631 0.0018574 0.0018575 0.0018575 0.0019564 0.0018579 0.0021534 0.0020565 0.0021531 0.0021527 0.0021527 0.0023515 0.0022524 0.0022514 0.0018577 0.0035404 0.0031429 0.0030436 0.0019559 0.0034442 0.0039415 0.0041427 0.0031443 0.0030448 0.0040435 0.0031452 0.0030449 0.0039421 0.0035420 0.0039414 0.0044440 0.0028457 0.0037380 0.0020545 0.0035424 0.0033434 0.0037421 0.0026476 0.0026489 0.0028454 0.0028452 0.0050581 0.0035401 0.0033759 0.0027211 0.0030236 0.0048202 0.0045794 0.0016703 0.0000010 0.0014271 0.0019074 0.0014282 0.0014282 0.0021474 0.0009505 0.0021496 0.0002396 0.0014278 0.0014278 0.0009502 0.0019069 0.0023897 0.0038461 0.0026316 0.0026320 0.0028734 0.0038451 0.0038451 0.0021468 0.0031118 0.0033546 0.0023880 0.0035987 0.0035987 0.0000010 0.0015017 0.0022589 0.0015094 0.0015510 0.0056650 0.0062139 0.0039212 0.0020197 0.0015812 0.0056341 0.0013896 0.0010373 0.0009448 0.0009448 0.0018959 0.0018939 0.0028537 0.0048017 0.0028626 0.0064076 0.0044479 0.0036991 0.0066191 0.0105388 0.0105731 0.0079110 0.0120516 0.0120516 0.0120516 0.0037870 0.0155245 0.0155245 0.0000010 0.0116646 0.0000010 0.0046202 0.0070122 
MN122152|AS201600060|turdus_merula|NL|2016-09-12                                        0.0053496 0.0057588 0.0050492 0.0055521 0.0049465 0.0063699 0.0054529 0.0017602 0.0000000 0.0008768 0.0009746 0.0022519 0.0020548 0.0015637 0.0015630 0.0023499 0.0029430 0.0024506 0.0014649 0.0013668 0.0013663 0.0015629 0.0022516 0.0009749 0.0016619 0.0014644 0.0014644 0.0013668 0.0016607 0.0016608 0.0016608 0.0017596 0.0016612 0.0019563 0.0018593 0.0017592 0.0019556 0.0019556 0.0021540 0.0020551 0.0020542 0.0018577 0.0033414 0.0029445 0.0028453 0.0017591 0.0032452 0.0037418 0.0039418 0.0029458 0.0028464 0.0038436 0.0029466 0.0028465 0.0037424 0.0033429 0.0037418 0.0041436 0.0026476 0.0035389 0.0018576 0.0033433 0.0031446 0.0035427 0.0024498 0.0024510 0.0026473 0.0026472 0.0048563 0.0033412 0.0031751 0.0024825 0.0025716 0.0045788 0.0043380 0.0000010 0.0016703 0.0021514 0.0016688 0.0011901 0.0011901 0.0019086 0.0007128 0.0019106 0.0019389 0.0011898 0.0011898 0.0007126 0.0016684 0.0021505 0.0036055 0.0023922 0.0023925 0.0026338 0.0036045 0.0036045 0.0019081 0.0028722 0.0031147 0.0021490 0.0033585 0.0033585 0.0007682 0.0022591 0.0030204 0.0022703 0.0023343 0.0056651 0.0062140 0.0040870 0.0020200 0.0021121 0.0056341 0.0013896 0.0010373 0.0009448 0.0009448 0.0018959 0.0018939 0.0028537 0.0048017 0.0028626 0.0057254 0.0036334 0.0029508 0.0046951 0.0085618 0.0085892 0.0079110 0.0120516 0.0120516 0.0120516 0.0037870 0.0155245 0.0155245 0.0000010 0.0116646 0.0000010 0.0022907 0.0046349 
MN122196|AS201700103|turdus_merula|NL|2017-07-19                                        0.0056530 0.0060633 0.0053520 0.0058559 0.0052490 0.0066758 0.0057566 0.0020558 0.0008768 0.0000000 0.0012683 0.0025483 0.0023508 0.0018588 0.0018580 0.0026464 0.0032407 0.0027476 0.0017597 0.0016614 0.0016609 0.0018579 0.0025480 0.0012686 0.0019573 0.0017592 0.0017591 0.0016614 0.0019558 0.0019559 0.0019559 0.0020550 0.0019564 0.0022521 0.0021552 0.0020546 0.0022514 0.0022513 0.0024503 0.0023512 0.0023502 0.0021534 0.0036401 0.0032423 0.0031430 0.0020545 0.0035440 0.0040415 0.0042430 0.0032438 0.0031442 0.0041447 0.0032446 0.0031442 0.0040422 0.0036417 0.0040415 0.0044444 0.0029449 0.0038378 0.0021531 0.0036422 0.0034430 0.0038420 0.0027466 0.0027481 0.0029446 0.0029444 0.0051592 0.0036398 0.0034765 0.0029603 0.0029105 0.0048203 0.0045795 0.0007123 0.0019092 0.0019092 0.0019074 0.0014283 0.0014283 0.0021474 0.0009505 0.0021496 0.0021815 0.0014279 0.0014279 0.0009503 0.0019069 0.0023898 0.0038462 0.0026317 0.0026320 0.0028735 0.0038452 0.0038452 0.0021469 0.0031119 0.0033547 0.0023881 0.0035988 0.0035988 0.0007682 0.0022591 0.0030204 0.0022703 0.0023343 0.0060422 0.0065922 0.0042553 0.0026021 0.0026453 0.0070741 0.0027909 0.0020818 0.0009448 0.0009448 0.0018959 0.0018939 0.0028537 0.0048017 0.0028626 0.0064079 0.0040378 0.0036899 0.0046951 0.0085618 0.0085892 0.0079110 0.0120516 0.0120516 0.0120516 0.0037870 0.0155245 0.0155245 0.0000010 0.0116646 0.0000010 0.0022907 0.0046349 
MN122203|AS201700127|turdus_merula|NL|2017-07-30                                        0.0057545 0.0061652 0.0054533 0.0059576 0.0053502 0.0067783 0.0058582 0.0021545 0.0009746 0.0012683 0.0000000 0.0026474 0.0024497 0.0017604 0.0019566 0.0027455 0.0033402 0.0028469 0.0018582 0.0017598 0.0017593 0.0019564 0.0026471 0.0013668 0.0020560 0.0018577 0.0018576 0.0017598 0.0020544 0.0020546 0.0020546 0.0021537 0.0020551 0.0023509 0.0022541 0.0021532 0.0023502 0.0023502 0.0025494 0.0024501 0.0024491 0.0022521 0.0037399 0.0033419 0.0032425 0.0021531 0.0036439 0.0041427 0.0042432 0.0033434 0.0032438 0.0042451 0.0033443 0.0032438 0.0041434 0.0037416 0.0039417 0.0045450 0.0030443 0.0039378 0.0022519 0.0035426 0.0033436 0.0037423 0.0028459 0.0028473 0.0030439 0.0030438 0.0052606 0.0037397 0.0035772 0.0029604 0.0027976 0.0055623 0.0053208 0.0014293 0.0026340 0.0031185 0.0026316 0.0021496 0.0021496 0.0028729 0.0016690 0.0028759 0.0029187 0.0021490 0.0021490 0.0016686 0.0026309 0.0031172 0.0043380 0.0033608 0.0033612 0.0036041 0.0043368 0.0043368 0.0028722 0.0038430 0.0040873 0.0031150 0.0043333 0.0043333 0.0030993 0.0045559 0.0037860 0.0045777 0.0047087 0.0062264 0.0067765 0.0040873 0.0028947 0.0037187 0.0070797 0.0027930 0.0020830 0.0038180 0.0038180 0.0047889 0.0047836 0.0057670 0.0077646 0.0057855 0.0060697 0.0040430 0.0036986 0.0046951 0.0085618 0.0085892 0.0079110 0.0120516 0.0120516 0.0120516 0.0037870 0.0155245 0.0155245 0.0000010 0.0116646 0.0000010 0.0022907 0.0046349 
MN122235|AS201800112|turdus_merula|NL|2018-08-14                                        0.0058522 0.0064666 0.0057535 0.0062584 0.0056501 0.0072854 0.0061590 0.0024494 0.0022519 0.0025483 0.0026474 0.0000000 0.0017576 0.0022521 0.0022511 0.0028432 0.0034379 0.0031428 0.0021526 0.0020541 0.0020534 0.0012672 0.0027447 0.0016604 0.0023507 0.0021520 0.0021518 0.0020541 0.0023490 0.0023491 0.0023491 0.0024485 0.0023497 0.0024485 0.0025492 0.0026457 0.0026451 0.0026451 0.0026470 0.0027454 0.0027442 0.0017576 0.0040380 0.0036384 0.0035388 0.0024479 0.0037418 0.0044407 0.0046417 0.0036400 0.0035402 0.0045434 0.0036410 0.0035403 0.0044415 0.0040388 0.0044407 0.0047433 0.0031416 0.0042361 0.0025468 0.0040393 0.0038398 0.0042407 0.0031417 0.0021525 0.0031417 0.0031415 0.0055610 0.0038375 0.0036760 0.0021227 0.0035886 0.0053113 0.0055614 0.0026332 0.0028729 0.0033577 0.0023883 0.0023880 0.0023880 0.0031117 0.0019070 0.0031149 0.0031612 0.0023873 0.0023873 0.0019065 0.0023877 0.0033563 0.0048232 0.0036001 0.0036006 0.0038436 0.0048219 0.0048219 0.0026284 0.0040823 0.0043268 0.0033539 0.0040855 0.0040855 0.0023238 0.0037956 0.0045669 0.0038138 0.0031292 0.0062289 0.0067792 0.0045872 0.0020177 0.0037240 0.0115520 0.0071183 0.0052821 0.0028623 0.0028623 0.0038296 0.0038260 0.0048039 0.0067917 0.0048194 0.0063978 0.0040320 0.0051918 0.0066122 0.0085618 0.0105616 0.0162499 0.0206403 0.0206403 0.0206403 0.0037870 0.0210522 0.0210522 0.0049114 0.0116646 0.0097115 0.0046144 0.0070032 
MN122177|AS201600253|turdus_merula|NL|2016-09-27                                        0.0058526 0.0062634 0.0055514 0.0060557 0.0054482 0.0070811 0.0059563 0.0022520 0.0020548 0.0023508 0.0024497 0.0017576 0.0000000 0.0020549 0.0020540 0.0026454 0.0032394 0.0029444 0.0019557 0.0018572 0.0018567 0.0012672 0.0025470 0.0014641 0.0021534 0.0019551 0.0019549 0.0018572 0.0021518 0.0021520 0.0021520 0.0022512 0.0021525 0.0022512 0.0023516 0.0024481 0.0024476 0.0024476 0.0024494 0.0025476 0.0025465 0.0017575 0.0038375 0.0034395 0.0033401 0.0022506 0.0035425 0.0042406 0.0044413 0.0034410 0.0033414 0.0043430 0.0034420 0.0033414 0.0042413 0.0038393 0.0042405 0.0045427 0.0029434 0.0040364 0.0023494 0.0038398 0.0036405 0.0040397 0.0029434 0.0021524 0.0029434 0.0029432 0.0053588 0.0036384 0.0034751 0.0020038 0.0031351 0.0048199 0.0050688 0.0021507 0.0023899 0.0028730 0.0019073 0.0019070 0.0019070 0.0026284 0.0014278 0.0026311 0.0026702 0.0019065 0.0019065 0.0014274 0.0019068 0.0028718 0.0043332 0.0031146 0.0031150 0.0033572 0.0043321 0.0043321 0.0021467 0.0035957 0.0038393 0.0028697 0.0035986 0.0035986 0.0015448 0.0030279 0.0037952 0.0015124 0.0031292 0.0062295 0.0067799 0.0045877 0.0017280 0.0015840 0.0071131 0.0028057 0.0031469 0.0028623 0.0028623 0.0038296 0.0038260 0.0048039 0.0067917 0.0048194 0.0060536 0.0036235 0.0044380 0.0056506 0.0075879 0.0095726 0.0120258 0.0162888 0.0162888 0.0162888 0.0000010 0.0155245 0.0155245 0.0000010 0.0076825 0.0047835 0.0034485 0.0058149 
MN122188|AS201700024|turdus_merula|NL|2017-04-11                                        0.0053500 0.0057592 0.0050495 0.0055524 0.0049468 0.0065742 0.0054532 0.0011703 0.0015637 0.0018588 0.0017604 0.0022521 0.0020549 0.0000000 0.0009742 0.0023501 0.0029432 0.0024508 0.0014650 0.0013669 0.0013664 0.0015630 0.0022518 0.0009749 0.0016620 0.0014645 0.0014645 0.0013668 0.0016608 0.0016609 0.0016609 0.0017597 0.0016613 0.0019564 0.0018595 0.0019561 0.0019558 0.0019557 0.0021541 0.0020552 0.0020544 0.0018579 0.0033416 0.0029446 0.0028455 0.0017592 0.0032454 0.0037421 0.0039420 0.0029460 0.0028466 0.0038439 0.0029467 0.0028466 0.0037427 0.0033431 0.0037420 0.0042438 0.0026478 0.0035391 0.0018577 0.0033435 0.0031448 0.0035429 0.0024499 0.0024512 0.0026475 0.0026473 0.0048566 0.0033414 0.0029747 0.0022442 0.0024590 0.0048243 0.0045833 0.0016717 0.0009505 0.0009506 0.0019090 0.0014294 0.0014294 0.0021492 0.0009513 0.0021514 0.0012067 0.0014290 0.0014290 0.0009510 0.0019085 0.0023917 0.0038494 0.0026338 0.0026342 0.0028759 0.0038484 0.0038484 0.0021486 0.0031144 0.0033574 0.0023900 0.0036018 0.0036018 0.0007682 0.0007490 0.0030204 0.0022703 0.0023343 0.0054792 0.0060278 0.0037559 0.0014399 0.0021121 0.0056341 0.0013896 0.0020831 0.0018958 0.0018958 0.0028539 0.0028509 0.0038182 0.0057827 0.0038296 0.0057258 0.0040434 0.0037086 0.0056536 0.0095470 0.0095778 0.0079110 0.0120516 0.0120516 0.0120516 0.0037870 0.0155245 0.0155245 0.0000010 0.0116646 0.0000010 0.0034507 0.0058186 
MN122192|AS201700086|turdus_merula|NL|2017-07-11                                        0.0053476 0.0057566 0.0050472 0.0055500 0.0049446 0.0065712 0.0054508 0.0007789 0.0015630 0.0018580 0.0019566 0.0022511 0.0020540 0.0009742 0.0000000 0.0023490 0.0029419 0.0024497 0.0014644 0.0013663 0.0013658 0.0015623 0.0022508 0.0009745 0.0016613 0.0014639 0.0014638 0.0013663 0.0016601 0.0016602 0.0016602 0.0017589 0.0016606 0.0019555 0.0018587 0.0019553 0.0019549 0.0019549 0.0021532 0.0020543 0.0020535 0.0018571 0.0033401 0.0029433 0.0028442 0.0017584 0.0032440 0.0037404 0.0039403 0.0029447 0.0028454 0.0038421 0.0029454 0.0028454 0.0037410 0.0033416 0.0037404 0.0042419 0.0026466 0.0035375 0.0018569 0.0033420 0.0031434 0.0035413 0.0024488 0.0024501 0.0026463 0.0026462 0.0048544 0.0033399 0.0031739 0.0022431 0.0026833 0.0045752 0.0043346 0.0014305 0.0007117 0.0011883 0.0016675 0.0011892 0.0011892 0.0019071 0.0007123 0.0019091 0.0009637 0.0011889 0.0011889 0.0007121 0.0016671 0.0021489 0.0036026 0.0023903 0.0023906 0.0026317 0.0036017 0.0036017 0.0019067 0.0028700 0.0031123 0.0021473 0.0033559 0.0033559 0.0007682 0.0022591 0.0030204 0.0022703 0.0023343 0.0060380 0.0065876 0.0042526 0.0020198 0.0021121 0.0056341 0.0013896 0.0010373 0.0009448 0.0009448 0.0018959 0.0018939 0.0028537 0.0048017 0.0028626 0.0053760 0.0036286 0.0029512 0.0056536 0.0095470 0.0095778 0.0079110 0.0120516 0.0120516 0.0120516 0.0037870 0.0155245 0.0155245 0.0000010 0.0116646 0.0000010 0.0034507 0.0058186 
MN122198|AS201700109|turdus_merula|NL|2017-07-25                                        0.0053448 0.0057536 0.0050446 0.0053451 0.0049421 0.0065678 0.0054480 0.0025475 0.0023499 0.0026464 0.0027455 0.0028432 0.0026454 0.0023501 0.0023490 0.0000000 0.0011691 0.0024485 0.0012676 0.0011697 0.0011693 0.0023489 0.0004861 0.0017581 0.0014641 0.0012672 0.0012671 0.0011697 0.0014630 0.0014631 0.0014631 0.0015616 0.0014635 0.0015616 0.0016610 0.0017577 0.0017573 0.0017573 0.0011701 0.0018564 0.0018557 0.0026451 0.0031398 0.0027438 0.0026449 0.0015612 0.0014649 0.0037385 0.0039383 0.0029432 0.0028439 0.0038402 0.0029440 0.0028439 0.0037391 0.0033399 0.0035392 0.0038394 0.0024476 0.0033370 0.0016594 0.0031416 0.0029434 0.0033405 0.0022502 0.0032416 0.0022502 0.0022501 0.0046505 0.0015615 0.0013795 0.0025996 0.0025690 0.0031114 0.0043299 0.0023899 0.0026292 0.0031127 0.0011881 0.0011879 0.0011879 0.0019051 0.0016660 0.0019071 0.0029132 0.0011876 0.0011876 0.0016655 0.0011878 0.0021466 0.0035987 0.0023877 0.0023881 0.0026289 0.0035978 0.0035978 0.0014264 0.0028669 0.0031089 0.0021451 0.0009500 0.0009500 0.0007682 0.0022591 0.0030204 0.0022703 0.0023343 0.0056650 0.0062139 0.0035901 0.0020200 0.0021121 0.0070801 0.0027932 0.0020831 0.0018958 0.0018958 0.0028539 0.0028509 0.0038182 0.0057827 0.0038296 0.0057103 0.0032169 0.0029438 0.0037411 0.0056511 0.0076040 0.0120258 0.0162888 0.0162888 0.0162888 0.0000010 0.0155245 0.0155245 0.0000010 0.0076825 0.0047835 0.0011392 0.0034594 
NA|20TV2299|turdus_merula|NL|2020-08-29                                                 0.0057478 0.0061580 0.0054470 0.0057482 0.0053440 0.0069745 0.0058514 0.0031413 0.0029430 0.0032407 0.0033402 0.0034379 0.0032394 0.0029432 0.0029419 0.0011691 0.0000000 0.0030419 0.0018562 0.0017579 0.0017573 0.0027436 0.0010715 0.0023486 0.0020536 0.0018556 0.0018555 0.0017578 0.0020521 0.0020522 0.0020522 0.0021513 0.0020528 0.0021513 0.0022515 0.0023480 0.0023475 0.0023475 0.0017585 0.0024473 0.0024463 0.0032390 0.0037356 0.0033381 0.0032388 0.0021507 0.0020548 0.0043382 0.0045389 0.0035385 0.0032401 0.0042402 0.0035395 0.0034389 0.0043389 0.0039368 0.0041380 0.0044397 0.0030408 0.0039333 0.0022494 0.0037378 0.0035388 0.0039375 0.0028426 0.0038383 0.0028426 0.0028425 0.0052545 0.0013654 0.0012804 0.0028379 0.0030203 0.0033532 0.0050628 0.0031138 0.0033536 0.0038396 0.0019051 0.0019048 0.0019048 0.0026253 0.0023852 0.0026280 0.0034039 0.0019043 0.0019043 0.0023846 0.0019046 0.0028684 0.0043281 0.0031110 0.0031114 0.0033533 0.0043270 0.0043270 0.0021443 0.0035915 0.0038348 0.0028664 0.0011883 0.0011883 0.0023161 0.0037832 0.0045517 0.0038014 0.0039094 0.0062232 0.0067730 0.0047501 0.0023103 0.0031795 0.0070801 0.0027932 0.0041928 0.0038141 0.0038141 0.0047838 0.0047785 0.0057609 0.0077563 0.0057795 0.0060525 0.0032169 0.0029438 0.0037411 0.0056511 0.0076040 0.0120258 0.0162888 0.0162888 0.0162888 0.0000010 0.0155245 0.0155245 0.0000010 0.0076825 0.0047835 0.0011392 0.0034594 
MN122215|AS201800038|turdus_merula|NL|2017-09-11                                        0.0056525 0.0060628 0.0053515 0.0056528 0.0052485 0.0068795 0.0057561 0.0026485 0.0024506 0.0027476 0.0028469 0.0031428 0.0029444 0.0024508 0.0024497 0.0024485 0.0030419 0.0000000 0.0015630 0.0014648 0.0014643 0.0024495 0.0023502 0.0018579 0.0017602 0.0015625 0.0015624 0.0014648 0.0017589 0.0017590 0.0017590 0.0018578 0.0017594 0.0020546 0.0019577 0.0020544 0.0020540 0.0020539 0.0022525 0.0021535 0.0021526 0.0027462 0.0034406 0.0030434 0.0029442 0.0018573 0.0033444 0.0040411 0.0042426 0.0032435 0.0031440 0.0041443 0.0032444 0.0031440 0.0040418 0.0036414 0.0038413 0.0043434 0.0027464 0.0036381 0.0019559 0.0034426 0.0032437 0.0036420 0.0025484 0.0033437 0.0027461 0.0027460 0.0048526 0.0034404 0.0032752 0.0033181 0.0027973 0.0045740 0.0043335 0.0023919 0.0026313 0.0031153 0.0016671 0.0011889 0.0011889 0.0019067 0.0016673 0.0019086 0.0029156 0.0011886 0.0011886 0.0016669 0.0016667 0.0021483 0.0036017 0.0023897 0.0023900 0.0026310 0.0036008 0.0036008 0.0019062 0.0028692 0.0031115 0.0021468 0.0033550 0.0033550 0.0000010 0.0022582 0.0030192 0.0022693 0.0023333 0.0062252 0.0067751 0.0040867 0.0017294 0.0021115 0.0056341 0.0013896 0.0010373 0.0009448 0.0009448 0.0018959 0.0018939 0.0028537 0.0048017 0.0028626 0.0057180 0.0040377 0.0022019 0.0047103 0.0085906 0.0086181 0.0079110 0.0120516 0.0120516 0.0120516 0.0037870 0.0155245 0.0155245 0.0000010 0.0116646 0.0000010 0.0022997 0.0046533 
KY426753|NA|turdus_merula|DE|2015-08-18                                                 0.0044422 0.0048479 0.0041434 0.0044425 0.0040408 0.0056570 0.0045444 0.0016614 0.0014649 0.0017597 0.0018582 0.0021526 0.0019557 0.0014650 0.0014644 0.0012676 0.0018562 0.0015630 0.0000000 0.0002917 0.0002916 0.0014643 0.0011699 0.0008768 0.0005841 0.0003889 0.0003889 0.0002917 0.0005837 0.0005837 0.0005837 0.0006814 0.0005839 0.0008767 0.0007796 0.0008766 0.0008764 0.0008764 0.0010725 0.0009746 0.0009742 0.0017588 0.0022510 0.0018571 0.0017587 0.0006813 0.0021545 0.0028457 0.0030443 0.0020549 0.0019563 0.0029464 0.0020555 0.0019563 0.0028462 0.0024495 0.0026476 0.0031440 0.0015624 0.0024474 0.0007789 0.0022522 0.0020551 0.0024499 0.0013662 0.0023515 0.0015623 0.0015622 0.0037493 0.0022508 0.0020749 0.0021243 0.0015591 0.0038424 0.0036024 0.0016703 0.0019091 0.0023906 0.0009503 0.0004744 0.0004744 0.0011888 0.0009505 0.0011900 0.0021814 0.0004743 0.0004743 0.0009502 0.0009501 0.0014288 0.0028744 0.0016687 0.0016690 0.0019089 0.0028736 0.0028736 0.0011885 0.0021467 0.0023877 0.0014278 0.0026297 0.0026297 0.0007681 0.0022591 0.0030203 0.0022702 0.0023342 0.0051071 0.0056549 0.0030945 0.0017297 0.0021121 0.0070797 0.0027930 0.0020830 0.0009448 0.0009448 0.0018959 0.0018939 0.0028537 0.0048017 0.0028626 0.0046921 0.0028100 0.0022019 0.0027972 0.0066127 0.0066326 0.0079110 0.0120516 0.0120516 0.0120516 0.0037870 0.0155245 0.0155245 0.0000010 0.0116646 0.0000010 0.0000010 0.0022979 
KY426750|NA|turdus_merula|DE|2015-10-07                                                 0.0043420 0.0047472 0.0040423 0.0043422 0.0039409 0.0055558 0.0044440 0.0015631 0.0013668 0.0016614 0.0017598 0.0020541 0.0018572 0.0013669 0.0013663 0.0011697 0.0017579 0.0014648 0.0002917 0.0000000 0.0001943 0.0013662 0.0010720 0.0007791 0.0004866 0.0002916 0.0002916 0.0001944 0.0004863 0.0004863 0.0004863 0.0005839 0.0004864 0.0007790 0.0006819 0.0007789 0.0007787 0.0007787 0.0009747 0.0008768 0.0008764 0.0016606 0.0021523 0.0017587 0.0016604 0.0005837 0.0020558 0.0027466 0.0029451 0.0019564 0.0018578 0.0028472 0.0019569 0.0018578 0.0027471 0.0023507 0.0025486 0.0030447 0.0014643 0.0023487 0.0006813 0.0021536 0.0019565 0.0023511 0.0012681 0.0022527 0.0014641 0.0014640 0.0036493 0.0021522 0.0019754 0.0020054 0.0014472 0.0033536 0.0031142 0.0011901 0.0014282 0.0019077 0.0004740 0.0000010 0.0000010 0.0007115 0.0004740 0.0007122 0.0016923 0.0000010 0.0000010 0.0004739 0.0004739 0.0009501 0.0023893 0.0011890 0.0011892 0.0014281 0.0023887 0.0023887 0.0007113 0.0016655 0.0019054 0.0009495 0.0021462 0.0021462 0.0000010 0.0015017 0.0022589 0.0015094 0.0015510 0.0051102 0.0056584 0.0030962 0.0014399 0.0015812 0.0056341 0.0013896 0.0010373 0.0009448 0.0009448 0.0018959 0.0018939 0.0028537 0.0048017 0.0028626 0.0043468 0.0028100 0.0022019 0.0027972 0.0066127 0.0066326 0.0079110 0.0120516 0.0120516 0.0120516 0.0037870 0.0155245 0.0155245 0.0000010 0.0116646 0.0000010 0.0000010 0.0022979 
KY426752|NA|turdus_merula|DE|2015-08-18                                                 0.0043406 0.0047457 0.0040410 0.0043408 0.0039396 0.0055540 0.0044426 0.0015626 0.0013663 0.0016609 0.0017593 0.0020534 0.0018567 0.0013664 0.0013658 0.0011693 0.0017573 0.0014643 0.0002916 0.0001943 0.0000000 0.0013657 0.0010717 0.0007789 0.0004865 0.0002915 0.0002915 0.0001943 0.0004861 0.0004861 0.0004861 0.0005837 0.0004862 0.0007787 0.0006817 0.0007787 0.0007785 0.0007785 0.0009744 0.0008765 0.0008762 0.0016600 0.0021517 0.0017582 0.0016599 0.0005836 0.0020552 0.0027458 0.0029441 0.0019558 0.0018572 0.0028463 0.0019563 0.0018572 0.0027462 0.0023500 0.0025478 0.0030437 0.0014638 0.0023479 0.0006811 0.0021529 0.0019559 0.0023504 0.0012677 0.0022520 0.0014637 0.0014636 0.0036481 0.0021515 0.0019748 0.0020046 0.0014467 0.0033536 0.0031142 0.0011901 0.0014282 0.0019077 0.0004740 0.0000010 0.0000010 0.0007115 0.0004740 0.0007122 0.0016923 0.0000010 0.0000010 0.0004739 0.0004739 0.0009501 0.0023893 0.0011890 0.0011892 0.0014281 0.0023887 0.0023887 0.0007113 0.0016655 0.0019054 0.0009495 0.0021462 0.0021462 0.0000010 0.0015017 0.0022589 0.0015094 0.0015510 0.0049215 0.0054689 0.0029300 0.0014399 0.0015812 0.0056341 0.0013896 0.0010373 0.0009448 0.0009448 0.0018959 0.0018939 0.0028537 0.0048017 0.0028626 0.0043468 0.0028100 0.0022019 0.0027972 0.0066127 0.0066326 0.0079110 0.0120516 0.0120516 0.0120516 0.0037870 0.0155245 0.0155245 0.0000010 0.0116646 0.0000010 0.0000010 0.0022979 
OP555958|NA|turdus_merula|BE|2017-08-07                                                 0.0053472 0.0057561 0.0050468 0.0055496 0.0049442 0.0065707 0.0054504 0.0017594 0.0015629 0.0018579 0.0019564 0.0012672 0.0012672 0.0015630 0.0015623 0.0023489 0.0027436 0.0024495 0.0014643 0.0013662 0.0013657 0.0000000 0.0022506 0.0009744 0.0016612 0.0014638 0.0014637 0.0013662 0.0016600 0.0016601 0.0016601 0.0017588 0.0016605 0.0019554 0.0018585 0.0019552 0.0019548 0.0019547 0.0021531 0.0020542 0.0020533 0.0010716 0.0033399 0.0029431 0.0028440 0.0017583 0.0032437 0.0037401 0.0039400 0.0029444 0.0028452 0.0038419 0.0029452 0.0028452 0.0037407 0.0033414 0.0037401 0.0042416 0.0024486 0.0035373 0.0018567 0.0033418 0.0031432 0.0035411 0.0024487 0.0014641 0.0026461 0.0026460 0.0048541 0.0031410 0.0029732 0.0012933 0.0027960 0.0045750 0.0043344 0.0014304 0.0016690 0.0021496 0.0016674 0.0011891 0.0011891 0.0019070 0.0007122 0.0019090 0.0019373 0.0011888 0.0011888 0.0007120 0.0016670 0.0021488 0.0036025 0.0023902 0.0023905 0.0026316 0.0036015 0.0036015 0.0019066 0.0028698 0.0031121 0.0021472 0.0033557 0.0033557 0.0007702 0.0022648 0.0030277 0.0022758 0.0023403 0.0056679 0.0062171 0.0042545 0.0014383 0.0021158 0.0071131 0.0028057 0.0020891 0.0019015 0.0019015 0.0028626 0.0028596 0.0038296 0.0058001 0.0038421 0.0053697 0.0036235 0.0029438 0.0056536 0.0095470 0.0095778 0.0120537 0.0163284 0.0163284 0.0163284 0.0076826 0.0155245 0.0155245 0.0000010 0.0157854 0.0047961 0.0034507 0.0058186 
OP555957|NA|turdus_merula|BE|2017-07-24                                                 0.0052450 0.0056535 0.0049449 0.0052453 0.0048424 0.0064672 0.0053480 0.0024491 0.0022516 0.0025480 0.0026471 0.0027447 0.0025470 0.0022518 0.0022508 0.0004861 0.0010715 0.0023502 0.0011699 0.0010720 0.0010717 0.0022506 0.0000000 0.0016602 0.0013663 0.0011695 0.0011695 0.0010720 0.0013653 0.0013653 0.0013653 0.0014638 0.0013657 0.0014638 0.0015630 0.0016597 0.0016594 0.0016594 0.0010725 0.0017585 0.0017577 0.0025467 0.0030412 0.0026454 0.0025465 0.0014634 0.0011709 0.0036395 0.0038392 0.0028446 0.0027454 0.0037411 0.0028454 0.0027454 0.0036401 0.0032412 0.0034404 0.0037403 0.0023493 0.0032383 0.0015616 0.0030430 0.0028448 0.0032418 0.0021520 0.0031429 0.0021520 0.0021519 0.0045508 0.0014637 0.0012807 0.0027190 0.0024569 0.0035963 0.0048194 0.0028729 0.0031126 0.0035978 0.0016662 0.0016659 0.0016659 0.0023855 0.0021456 0.0023880 0.0034048 0.0016655 0.0016655 0.0021451 0.0016657 0.0026281 0.0040857 0.0028703 0.0028707 0.0031123 0.0040846 0.0040846 0.0019051 0.0033505 0.0035934 0.0026263 0.0014274 0.0014274 0.0007682 0.0022591 0.0030204 0.0022703 0.0023343 0.0054795 0.0060281 0.0034244 0.0017297 0.0021121 0.0070801 0.0027932 0.0020831 0.0018958 0.0018958 0.0028539 0.0028509 0.0038182 0.0057827 0.0038296 0.0063977 0.0040328 0.0029438 0.0056504 0.0075876 0.0095722 0.0120258 0.0162888 0.0162888 0.0162888 0.0000010 0.0155245 0.0155245 0.0000010 0.0076825 0.0047835 0.0022893 0.0046320 
KY426756|NA|turdus_merula|DE|2016-09-23                                                 0.0047433 0.0051501 0.0044440 0.0049448 0.0043420 0.0059611 0.0048458 0.0011706 0.0009749 0.0012686 0.0013668 0.0016604 0.0014641 0.0009749 0.0009745 0.0017581 0.0023486 0.0018579 0.0008768 0.0007791 0.0007789 0.0009744 0.0016602 0.0000000 0.0010727 0.0008765 0.0008765 0.0007791 0.0010720 0.0010720 0.0010720 0.0011702 0.0010723 0.0013661 0.0012691 0.0013659 0.0013656 0.0013656 0.0015627 0.0014644 0.0014637 0.0012680 0.0027450 0.0023498 0.0022511 0.0011699 0.0026487 0.0031433 0.0033423 0.0023509 0.0022520 0.0032443 0.0023515 0.0022520 0.0031438 0.0027462 0.0031433 0.0036416 0.0020542 0.0029419 0.0012679 0.0027466 0.0025487 0.0029450 0.0018573 0.0018582 0.0020540 0.0020539 0.0042510 0.0027449 0.0025734 0.0018865 0.0021201 0.0038395 0.0035996 0.0007128 0.0009505 0.0014283 0.0009496 0.0004740 0.0004740 0.0011879 0.0000010 0.0011891 0.0012067 0.0004739 0.0004739 0.0000010 0.0009494 0.0014277 0.0028722 0.0016675 0.0016677 0.0019074 0.0028714 0.0028714 0.0011876 0.0021451 0.0023858 0.0014267 0.0026277 0.0026277 0.0000010 0.0015017 0.0022589 0.0015094 0.0015510 0.0051066 0.0056543 0.0035921 0.0017294 0.0015812 0.0056341 0.0013896 0.0010373 0.0009448 0.0009448 0.0018959 0.0018939 0.0028537 0.0048017 0.0028626 0.0046869 0.0028100 0.0022019 0.0046951 0.0085618 0.0085892 0.0079110 0.0120516 0.0120516 0.0120516 0.0037870 0.0155245 0.0155245 0.0000010 0.0116646 0.0000010 0.0022907 0.0046349 
KJ438705|NA|culex_pipiens|DE|2010-07-14                                                 0.0046445 0.0050511 0.0043453 0.0046448 0.0042434 0.0058617 0.0047470 0.0018587 0.0016619 0.0019573 0.0020560 0.0023507 0.0021534 0.0016620 0.0016613 0.0014641 0.0020536 0.0017602 0.0005841 0.0004866 0.0004865 0.0016612 0.0013663 0.0010727 0.0000000 0.0005839 0.0005839 0.0004866 0.0007791 0.0007791 0.0007791 0.0008770 0.0007793 0.0010726 0.0009755 0.0010725 0.0010722 0.0010722 0.0012688 0.0011707 0.0011702 0.0019563 0.0024492 0.0020547 0.0019561 0.0008768 0.0023527 0.0030451 0.0032441 0.0022529 0.0021541 0.0030467 0.0022535 0.0021541 0.0030456 0.0026482 0.0026484 0.0033440 0.0017595 0.0026459 0.0009746 0.0024506 0.0022531 0.0026487 0.0015629 0.0025501 0.0017594 0.0017593 0.0037505 0.0024491 0.0022749 0.0022441 0.0017839 0.0038425 0.0036025 0.0016703 0.0019091 0.0023906 0.0009504 0.0004744 0.0004744 0.0011888 0.0009505 0.0011900 0.0021814 0.0004743 0.0004743 0.0009502 0.0009501 0.0014288 0.0028744 0.0016688 0.0016690 0.0019089 0.0028737 0.0028737 0.0011885 0.0021468 0.0023877 0.0014278 0.0026298 0.0026298 0.0000010 0.0015017 0.0022589 0.0015094 0.0015510 0.0051102 0.0056583 0.0030962 0.0014399 0.0015812 0.0056341 0.0013896 0.0010373 0.0009448 0.0009448 0.0018959 0.0018939 0.0028537 0.0048017 0.0028626 0.0050336 0.0036284 0.0029439 0.0047097 0.0085896 0.0086171 0.0120537 0.0163284 0.0163284 0.0163284 0.0076826 0.0211246 0.0211246 0.0049256 0.0157854 0.0047961 0.0011444 0.0034742 
KJ438707|NA|culex_pipiens|DE|2011-07-07                                                 0.0044408 0.0048463 0.0041421 0.0044410 0.0040395 0.0056552 0.0045429 0.0016608 0.0014644 0.0017592 0.0018577 0.0021520 0.0019551 0.0014645 0.0014639 0.0012672 0.0018556 0.0015625 0.0003889 0.0002916 0.0002915 0.0014638 0.0011695 0.0008765 0.0005839 0.0000000 0.0003888 0.0002916 0.0005835 0.0005836 0.0005836 0.0006812 0.0005837 0.0006812 0.0007794 0.0008763 0.0008761 0.0008761 0.0010722 0.0009743 0.0009738 0.0017583 0.0022503 0.0018565 0.0017582 0.0006811 0.0021538 0.0028448 0.0030433 0.0020543 0.0019557 0.0029455 0.0020548 0.0019557 0.0028453 0.0024487 0.0026467 0.0031430 0.0015619 0.0024466 0.0003888 0.0022515 0.0020544 0.0024492 0.0013657 0.0023507 0.0015618 0.0015617 0.0037481 0.0022501 0.0020743 0.0020046 0.0015586 0.0033536 0.0031142 0.0011901 0.0014282 0.0019077 0.0004740 0.0000010 0.0000010 0.0007115 0.0004740 0.0007122 0.0016923 0.0000010 0.0000010 0.0004739 0.0004739 0.0009501 0.0023893 0.0011890 0.0011892 0.0014281 0.0023887 0.0023887 0.0007113 0.0016655 0.0019054 0.0009495 0.0021462 0.0021462 0.0000010 0.0015017 0.0022589 0.0015094 0.0015510 0.0051071 0.0056549 0.0030945 0.0014399 0.0015812 0.0056341 0.0013896 0.0010373 0.0009448 0.0009448 0.0018959 0.0018939 0.0028537 0.0048017 0.0028626 0.0043468 0.0028100 0.0022019 0.0027972 0.0066127 0.0066326 0.0079110 0.0120516 0.0120516 0.0120516 0.0037870 0.0155245 0.0155245 0.0000010 0.0116646 0.0000010 0.0000010 0.0022979 
