134
OR573992|AS201700144|branta_ruficollis|NL|2017-08-15                                    0.0000000 0.0027451 0.0020526 0.0020532 0.0025454 0.0019539 0.0035415 0.0024475 0.0053508 0.0051489 0.0055534 0.0052477 0.0056511 0.0056514 0.0051492 0.0051469 0.0051442 0.0055469 0.0054514 0.0042425 0.0041423 0.0041410 0.0051465 0.0050445 0.0045432 0.0044445 0.0040409 0.0042409 0.0043409 0.0044412 0.0044414 0.0044414 0.0043411 0.0045430 0.0044426 0.0045432 0.0047437 0.0046419 0.0046469 0.0047419 0.0049436 0.0047419 0.0049462 0.0054482 0.0054491 0.0061572 0.0057522 0.0056509 0.0045418 0.0060618 0.0039388 0.0037397 0.0029428 0.0036406 0.0030428 0.0037401 0.0035394 0.0049403 0.0056475 0.0063577 0.0046424 0.0060593 0.0063647 0.0052475 0.0060606 0.0054489 0.0054486 0.0062690 0.0059538 0.0058114 0.0057386 0.0055390 0.0065402 0.0028663 0.0048244 0.0048295 0.0050714 0.0055645 0.0040869 0.0036001 0.0036001 0.0043305 0.0040874 0.0043351 0.0053972 0.0040895 0.0035992 0.0035992 0.0040863 0.0040858 0.0045784 0.0050644 0.0038400 0.0038405 0.0021452 0.0031125 0.0050631 0.0050631 0.0043294 0.0045751 0.0045784 0.0058066 0.0058066 0.0030998 0.0045569 0.0053303 0.0045791 0.0015512 0.0025289 0.0030712 0.0066035 0.0049586 0.0037192 0.0042115 0.0041985 0.0038189 0.0038189 0.0047906 0.0057686 0.0048056 0.0077676 0.0057873 0.0046866 0.0056754 0.0075490 0.0065858 0.0104856 0.0163008 0.0163008 0.0116688 0.0268956 0.0268956 0.0148425 0.0082043 
NA|AS20190530|turdus_merula|NL|2019-08-19                                               0.0027451 0.0000000 0.0014643 0.0012677 0.0019556 0.0013660 0.0027463 0.0018578 0.0059631 0.0057602 0.0061668 0.0058593 0.0064683 0.0062650 0.0057606 0.0057580 0.0057550 0.0061596 0.0060643 0.0048489 0.0047482 0.0047467 0.0057575 0.0056548 0.0051512 0.0050522 0.0046461 0.0048470 0.0049475 0.0050483 0.0050486 0.0050486 0.0049478 0.0051509 0.0050499 0.0051512 0.0053526 0.0052501 0.0052558 0.0053506 0.0055534 0.0053506 0.0055563 0.0060607 0.0060616 0.0067734 0.0063663 0.0062645 0.0051495 0.0066782 0.0045430 0.0043431 0.0035429 0.0042435 0.0036425 0.0043435 0.0041415 0.0055497 0.0062607 0.0069746 0.0052507 0.0066753 0.0069824 0.0058590 0.0066768 0.0060614 0.0060611 0.0068868 0.0065689 0.0064321 0.0064803 0.0061225 0.0068008 0.0031134 0.0050792 0.0050846 0.0053272 0.0058221 0.0043389 0.0038504 0.0038504 0.0045833 0.0043394 0.0045882 0.0056580 0.0043416 0.0038493 0.0038493 0.0043382 0.0043377 0.0048323 0.0053198 0.0040908 0.0040914 0.0023898 0.0038468 0.0053184 0.0053184 0.0045822 0.0048288 0.0048323 0.0060649 0.0060649 0.0046858 0.0061232 0.0069075 0.0061527 0.0031285 0.0034456 0.0021625 0.0074558 0.0058583 0.0053522 0.0070871 0.0063431 0.0057842 0.0057842 0.0067727 0.0077675 0.0067944 0.0098070 0.0077932 0.0040133 0.0052718 0.0065892 0.0056311 0.0095078 0.0079138 0.0079138 0.0037870 0.0155330 0.0155330 0.0047839 0.0070103 
MN122190|AS201700080|turdus_merula|NL|2017-07-05                                        0.0020526 0.0014643 0.0000000 0.0007788 0.0012673 0.0006810 0.0022522 0.0011698 0.0052509 0.0050491 0.0054534 0.0051479 0.0057536 0.0055515 0.0050495 0.0050472 0.0050446 0.0054470 0.0053516 0.0041432 0.0040431 0.0040418 0.0050468 0.0049449 0.0044438 0.0043451 0.0039418 0.0041417 0.0042416 0.0043418 0.0043421 0.0043421 0.0042418 0.0043433 0.0043432 0.0044438 0.0046442 0.0045425 0.0045474 0.0046425 0.0048440 0.0044416 0.0048466 0.0053484 0.0053492 0.0060570 0.0056522 0.0055510 0.0044424 0.0059616 0.0038398 0.0036408 0.0028443 0.0035417 0.0029433 0.0036412 0.0034406 0.0048408 0.0055477 0.0062574 0.0045430 0.0059591 0.0062643 0.0051477 0.0059604 0.0053490 0.0053488 0.0061686 0.0058538 0.0057104 0.0056181 0.0054251 0.0058005 0.0021450 0.0040915 0.0040958 0.0043371 0.0048278 0.0033581 0.0028736 0.0028736 0.0036007 0.0033585 0.0036045 0.0046505 0.0033603 0.0028729 0.0028729 0.0033577 0.0033572 0.0038468 0.0043312 0.0031130 0.0031134 0.0014270 0.0028710 0.0043300 0.0043300 0.0035998 0.0038441 0.0038468 0.0050693 0.0050693 0.0054691 0.0068905 0.0076772 0.0069243 0.0039120 0.0028941 0.0019788 0.0074517 0.0055541 0.0058886 0.0100264 0.0085247 0.0067507 0.0067507 0.0077430 0.0087414 0.0077678 0.0107911 0.0087704 0.0023248 0.0032158 0.0027881 0.0018533 0.0056317 0.0079138 0.0079138 0.0037870 0.0155330 0.0155330 0.0047839 0.0023000 
MK796168|AS201600070|strix_nebulosa|NL|2016-09-13                                       0.0020532 0.0012677 0.0007788 0.0000000 0.0012677 0.0006811 0.0020541 0.0011701 0.0052524 0.0050506 0.0054550 0.0051494 0.0057553 0.0055531 0.0050509 0.0050486 0.0050460 0.0054486 0.0053531 0.0041444 0.0040443 0.0040430 0.0050483 0.0049463 0.0044451 0.0043464 0.0039429 0.0041429 0.0042428 0.0043431 0.0043433 0.0043433 0.0042430 0.0044448 0.0043445 0.0044451 0.0046455 0.0045438 0.0045487 0.0046438 0.0048454 0.0046438 0.0048479 0.0053499 0.0053508 0.0060588 0.0056538 0.0055526 0.0044436 0.0059633 0.0038408 0.0036418 0.0028451 0.0035427 0.0029441 0.0036422 0.0034415 0.0048422 0.0055492 0.0062592 0.0045443 0.0059608 0.0062661 0.0051492 0.0059621 0.0053506 0.0053503 0.0061704 0.0058554 0.0057121 0.0056200 0.0054268 0.0062994 0.0026280 0.0045841 0.0045890 0.0048309 0.0053237 0.0038473 0.0033608 0.0033608 0.0040908 0.0038478 0.0040951 0.0051530 0.0038498 0.0033599 0.0033599 0.0038468 0.0038463 0.0043384 0.0048243 0.0036007 0.0036012 0.0019072 0.0033577 0.0048230 0.0048230 0.0040898 0.0043352 0.0043384 0.0055659 0.0055659 0.0046719 0.0061049 0.0068867 0.0061338 0.0031192 0.0028938 0.0016168 0.0069415 0.0052552 0.0053411 0.0070871 0.0063431 0.0057625 0.0057625 0.0067471 0.0077378 0.0067685 0.0097687 0.0077633 0.0033373 0.0044492 0.0027881 0.0018533 0.0056317 0.0079138 0.0079138 0.0037870 0.0155330 0.0155330 0.0047839 0.0023000 
MN122213|AS201700248|turdus_merula|NL|2017-09-20                                        0.0025454 0.0019556 0.0012673 0.0012677 0.0000000 0.0009738 0.0027461 0.0016599 0.0057559 0.0055534 0.0059591 0.0056523 0.0062600 0.0060572 0.0055537 0.0055512 0.0053463 0.0057495 0.0056541 0.0044433 0.0043430 0.0043416 0.0055508 0.0052464 0.0047445 0.0046457 0.0042413 0.0044416 0.0045417 0.0046422 0.0046424 0.0046424 0.0045420 0.0047442 0.0046437 0.0047445 0.0049452 0.0048432 0.0048485 0.0049434 0.0051454 0.0049433 0.0051481 0.0056508 0.0058542 0.0063608 0.0059552 0.0058538 0.0047429 0.0062655 0.0043392 0.0041396 0.0033412 0.0040402 0.0034406 0.0041400 0.0039386 0.0051419 0.0058503 0.0063580 0.0048437 0.0062629 0.0065687 0.0054498 0.0064678 0.0056514 0.0056511 0.0062693 0.0061571 0.0060166 0.0061070 0.0054243 0.0062941 0.0026258 0.0045803 0.0045852 0.0048269 0.0053192 0.0038441 0.0033580 0.0033580 0.0040874 0.0038446 0.0040917 0.0051486 0.0038466 0.0033571 0.0033571 0.0038436 0.0038431 0.0043348 0.0048203 0.0035977 0.0035982 0.0019057 0.0033549 0.0048190 0.0048190 0.0040864 0.0043316 0.0043348 0.0055612 0.0055612 0.0054666 0.0068874 0.0076736 0.0069211 0.0039102 0.0038103 0.0025242 0.0079608 0.0064508 0.0069841 0.0085487 0.0074249 0.0067468 0.0067468 0.0077384 0.0087362 0.0077633 0.0107846 0.0087653 0.0029964 0.0036243 0.0037302 0.0027894 0.0065931 0.0079138 0.0079138 0.0037870 0.0155330 0.0155330 0.0047839 0.0034647 
KY315178|Gracula_religiosa/U1609393/Belgium/2016|gracula_religiosa|BE|2016-10-03        0.0019539 0.0013660 0.0006810 0.0006811 0.0009738 0.0000000 0.0021531 0.0010718 0.0051491 0.0049475 0.0053514 0.0050463 0.0056514 0.0054494 0.0049478 0.0049456 0.0049431 0.0053452 0.0052497 0.0040425 0.0039424 0.0039412 0.0049452 0.0048434 0.0043428 0.0042441 0.0038412 0.0040409 0.0041408 0.0042409 0.0042412 0.0042412 0.0041410 0.0043425 0.0042423 0.0043428 0.0045430 0.0044414 0.0044462 0.0045413 0.0047427 0.0045413 0.0047451 0.0052466 0.0052474 0.0059546 0.0055501 0.0054490 0.0043414 0.0058591 0.0037393 0.0035405 0.0027448 0.0034415 0.0028437 0.0035409 0.0033405 0.0047395 0.0054457 0.0061548 0.0044419 0.0058566 0.0061616 0.0050460 0.0058579 0.0052472 0.0052469 0.0060659 0.0057515 0.0056072 0.0054950 0.0053088 0.0055530 0.0019047 0.0038468 0.0038509 0.0040919 0.0045816 0.0031150 0.0026315 0.0026315 0.0033572 0.0031154 0.0033607 0.0044011 0.0031170 0.0026308 0.0026308 0.0031146 0.0031142 0.0036027 0.0040863 0.0028706 0.0028710 0.0011879 0.0026290 0.0040852 0.0040852 0.0033563 0.0036001 0.0036027 0.0048229 0.0048229 0.0038834 0.0053285 0.0061070 0.0053550 0.0023336 0.0030764 0.0017974 0.0071105 0.0055522 0.0047991 0.0070871 0.0063431 0.0047879 0.0047879 0.0057660 0.0067504 0.0057842 0.0087653 0.0067725 0.0026597 0.0036235 0.0037283 0.0027880 0.0065897 0.0079138 0.0079138 0.0037870 0.0155330 0.0155330 0.0047839 0.0023000 
NA|AS20221798|turdus_merula|NL|2022-08-30                                               0.0035415 0.0027463 0.0022522 0.0020541 0.0027461 0.0021531 0.0000000 0.0026480 0.0067798 0.0063716 0.0067802 0.0066749 0.0072876 0.0070831 0.0065760 0.0065730 0.0065696 0.0069765 0.0068815 0.0056584 0.0055571 0.0055553 0.0065725 0.0064689 0.0059625 0.0058632 0.0054541 0.0056562 0.0057573 0.0058587 0.0058590 0.0058590 0.0057576 0.0059621 0.0058606 0.0059625 0.0061651 0.0060618 0.0060684 0.0061628 0.0063669 0.0061627 0.0063702 0.0068774 0.0068785 0.0075945 0.0071849 0.0070825 0.0059605 0.0074995 0.0053499 0.0051489 0.0043438 0.0050489 0.0044439 0.0051494 0.0049459 0.0061592 0.0070782 0.0077966 0.0059608 0.0074963 0.0078053 0.0066746 0.0074979 0.0066739 0.0068778 0.0072985 0.0073887 0.0072594 0.0072191 0.0067053 0.0065477 0.0028695 0.0048298 0.0048349 0.0050771 0.0055708 0.0040915 0.0036041 0.0036041 0.0043354 0.0040920 0.0043400 0.0054034 0.0040941 0.0036032 0.0036032 0.0040909 0.0040904 0.0045836 0.0050701 0.0038442 0.0038448 0.0021476 0.0036008 0.0050688 0.0050688 0.0043343 0.0045802 0.0045836 0.0058132 0.0058132 0.0038834 0.0053285 0.0061070 0.0053550 0.0023336 0.0043687 0.0030749 0.0086554 0.0067571 0.0058866 0.0070871 0.0063431 0.0047879 0.0047879 0.0057660 0.0067504 0.0057842 0.0087653 0.0067725 0.0040141 0.0048601 0.0037304 0.0027895 0.0065934 0.0079138 0.0079138 0.0037870 0.0155330 0.0155330 0.0047839 0.0034648 
MT133690|UV/BlackBird/Sweden/SVA190801SZ0368/VLT001567/2019|turdus_merula|SE|2019-08-01 0.0024475 0.0018578 0.0011698 0.0011701 0.0016599 0.0010718 0.0026480 0.0000000 0.0056565 0.0054541 0.0058597 0.0055531 0.0061606 0.0059578 0.0054545 0.0054520 0.0054492 0.0058528 0.0057575 0.0045453 0.0044449 0.0044434 0.0054516 0.0053492 0.0048468 0.0047479 0.0043431 0.0045436 0.0046438 0.0047443 0.0047446 0.0047446 0.0046440 0.0048465 0.0047458 0.0048468 0.0050477 0.0049456 0.0049510 0.0050458 0.0052481 0.0050458 0.0052508 0.0057540 0.0057549 0.0064649 0.0060588 0.0059573 0.0048452 0.0063696 0.0042405 0.0040410 0.0032429 0.0039416 0.0033422 0.0038415 0.0036405 0.0052446 0.0059537 0.0066657 0.0049461 0.0063669 0.0066731 0.0053506 0.0063682 0.0057547 0.0057544 0.0065775 0.0062609 0.0061213 0.0061092 0.0056570 0.0058003 0.0021449 0.0040914 0.0040957 0.0043370 0.0048277 0.0033581 0.0028736 0.0028736 0.0036006 0.0033585 0.0036044 0.0046504 0.0033602 0.0028728 0.0028728 0.0033576 0.0033572 0.0038468 0.0043311 0.0031129 0.0026297 0.0014269 0.0028709 0.0043299 0.0043299 0.0035997 0.0038440 0.0038468 0.0050692 0.0050692 0.0046739 0.0061074 0.0068896 0.0061364 0.0031198 0.0038100 0.0025240 0.0079656 0.0064487 0.0064343 0.0085487 0.0074293 0.0057656 0.0057656 0.0067507 0.0077420 0.0067722 0.0097741 0.0077675 0.0023248 0.0032158 0.0027881 0.0018533 0.0056317 0.0079138 0.0079138 0.0037870 0.0155330 0.0155330 0.0047839 0.0023000 
KY263626|NA|turdus_merula|BE|2016-09                                                    0.0053508 0.0059631 0.0052509 0.0052524 0.0057559 0.0051491 0.0067798 0.0056565 0.0000000 0.0017602 0.0021545 0.0018579 0.0024494 0.0022519 0.0011703 0.0007788 0.0025474 0.0031423 0.0026484 0.0016613 0.0015631 0.0015626 0.0017594 0.0024490 0.0019563 0.0018587 0.0014644 0.0016607 0.0017589 0.0018573 0.0018574 0.0018574 0.0017590 0.0019564 0.0018579 0.0019565 0.0021534 0.0020543 0.0020564 0.0021526 0.0023502 0.0021526 0.0023514 0.0028450 0.0018577 0.0035416 0.0031439 0.0030446 0.0019558 0.0034454 0.0039431 0.0041435 0.0031453 0.0038439 0.0030448 0.0039437 0.0035432 0.0039430 0.0044449 0.0037395 0.0020545 0.0034440 0.0037435 0.0026475 0.0026489 0.0028453 0.0028452 0.0050592 0.0035414 0.0033770 0.0027213 0.0030234 0.0048211 0.0045802 0.0026316 0.0016705 0.0000010 0.0014272 0.0019075 0.0014283 0.0014283 0.0021475 0.0009505 0.0021497 0.0002397 0.0019087 0.0014279 0.0014279 0.0009503 0.0019070 0.0023899 0.0038467 0.0026319 0.0026322 0.0028764 0.0023905 0.0038457 0.0038457 0.0021470 0.0023882 0.0023899 0.0035992 0.0035992 0.0000010 0.0015019 0.0022592 0.0015096 0.0015512 0.0056666 0.0062157 0.0039219 0.0020195 0.0015817 0.0000010 0.0010377 0.0009449 0.0009449 0.0018963 0.0028539 0.0019022 0.0048033 0.0028631 0.0053777 0.0044492 0.0075894 0.0066207 0.0105432 0.0079138 0.0079138 0.0037870 0.0155330 0.0155330 0.0047839 0.0046210 
MN122152|AS201600060|turdus_merula|NL|2016-09-12                                        0.0051489 0.0057602 0.0050491 0.0050506 0.0055534 0.0049475 0.0063716 0.0054541 0.0017602 0.0000000 0.0009745 0.0016612 0.0022519 0.0020547 0.0015636 0.0015629 0.0023498 0.0029429 0.0024506 0.0014649 0.0013667 0.0013663 0.0015628 0.0022516 0.0017594 0.0016619 0.0012683 0.0014643 0.0015624 0.0016607 0.0016607 0.0016607 0.0015625 0.0017595 0.0016612 0.0017596 0.0019563 0.0018573 0.0018593 0.0019556 0.0021529 0.0019556 0.0021540 0.0026469 0.0018577 0.0033425 0.0029444 0.0028452 0.0017591 0.0032462 0.0037432 0.0039433 0.0029457 0.0034447 0.0028464 0.0037438 0.0033440 0.0037432 0.0041443 0.0035401 0.0018575 0.0032449 0.0035439 0.0024497 0.0024510 0.0026473 0.0026471 0.0048573 0.0033423 0.0031760 0.0024827 0.0025714 0.0045797 0.0043388 0.0023921 0.0000010 0.0016705 0.0021516 0.0016689 0.0011901 0.0011901 0.0019087 0.0007128 0.0019107 0.0019391 0.0016700 0.0011898 0.0011898 0.0007126 0.0016685 0.0021507 0.0036060 0.0023924 0.0023927 0.0026364 0.0021513 0.0036050 0.0036050 0.0019083 0.0021492 0.0021507 0.0033590 0.0033590 0.0007683 0.0022594 0.0030210 0.0022707 0.0023347 0.0056666 0.0062157 0.0040878 0.0020198 0.0021131 0.0000010 0.0010377 0.0009449 0.0009449 0.0018963 0.0028539 0.0019022 0.0048033 0.0028631 0.0046991 0.0036341 0.0056521 0.0046959 0.0085642 0.0079138 0.0079138 0.0037870 0.0155330 0.0155330 0.0047839 0.0022910 
MN122203|AS201700127|turdus_merula|NL|2017-07-30                                        0.0055534 0.0061668 0.0054534 0.0054550 0.0059591 0.0053514 0.0067802 0.0058597 0.0021545 0.0009745 0.0000000 0.0020550 0.0026473 0.0024496 0.0017604 0.0019565 0.0027455 0.0033413 0.0028468 0.0018582 0.0017598 0.0017592 0.0019564 0.0026470 0.0021535 0.0020559 0.0016609 0.0018575 0.0019559 0.0020544 0.0020545 0.0020545 0.0019560 0.0021537 0.0020550 0.0021538 0.0023510 0.0022516 0.0022540 0.0023501 0.0025480 0.0023501 0.0025493 0.0030445 0.0022521 0.0037413 0.0033430 0.0032435 0.0021531 0.0036452 0.0041435 0.0042439 0.0033445 0.0038442 0.0032448 0.0041442 0.0037430 0.0039433 0.0045458 0.0039394 0.0022519 0.0034442 0.0037437 0.0028458 0.0028473 0.0030449 0.0030447 0.0052618 0.0037411 0.0035784 0.0029607 0.0027974 0.0055636 0.0053220 0.0033608 0.0014294 0.0026343 0.0031189 0.0026318 0.0021498 0.0021498 0.0028732 0.0016691 0.0028762 0.0029190 0.0026335 0.0021492 0.0021492 0.0016687 0.0026311 0.0031176 0.0043388 0.0033612 0.0033617 0.0036079 0.0031184 0.0043376 0.0043376 0.0028725 0.0031154 0.0031176 0.0043340 0.0043340 0.0030999 0.0045570 0.0037868 0.0045793 0.0047098 0.0062282 0.0067785 0.0040881 0.0028960 0.0037193 0.0013897 0.0020828 0.0038189 0.0038189 0.0047906 0.0057686 0.0048056 0.0077676 0.0057873 0.0050410 0.0040440 0.0056521 0.0046959 0.0085642 0.0079138 0.0079138 0.0037870 0.0155330 0.0155330 0.0047839 0.0022910 
MN122158|AS201600104|turdus_merula|NL|2016-09-22                                        0.0052477 0.0058593 0.0051479 0.0051494 0.0056523 0.0050463 0.0066749 0.0055531 0.0018579 0.0016612 0.0020550 0.0000000 0.0013652 0.0013651 0.0016613 0.0016605 0.0024476 0.0028426 0.0025485 0.0015624 0.0014643 0.0014638 0.0002914 0.0023494 0.0018571 0.0017596 0.0013657 0.0015619 0.0016600 0.0017583 0.0017584 0.0017584 0.0016601 0.0018572 0.0017588 0.0018573 0.0020540 0.0019550 0.0019571 0.0020533 0.0022506 0.0020532 0.0022518 0.0027448 0.0009738 0.0034407 0.0030434 0.0029432 0.0018567 0.0033445 0.0038416 0.0040418 0.0030447 0.0037426 0.0029444 0.0038422 0.0034422 0.0038416 0.0043428 0.0036383 0.0019552 0.0033431 0.0036422 0.0025476 0.0013661 0.0027452 0.0027450 0.0049562 0.0032415 0.0030744 0.0011754 0.0029090 0.0045758 0.0043351 0.0023901 0.0014305 0.0016691 0.0021498 0.0016675 0.0011891 0.0011891 0.0019072 0.0007122 0.0019091 0.0019374 0.0016686 0.0011888 0.0011888 0.0007121 0.0016671 0.0021489 0.0036030 0.0023904 0.0023907 0.0026342 0.0021495 0.0036020 0.0036020 0.0019067 0.0021474 0.0021489 0.0033562 0.0033562 0.0007702 0.0022652 0.0030282 0.0022762 0.0023406 0.0058569 0.0064067 0.0044221 0.0014383 0.0021167 0.0013960 0.0020901 0.0019021 0.0019021 0.0028631 0.0038300 0.0028720 0.0058028 0.0038426 0.0043481 0.0036243 0.0066174 0.0056550 0.0095498 0.0120602 0.0120602 0.0076839 0.0155330 0.0155330 0.0097428 0.0034508 
MN122235|AS201800112|turdus_merula|NL|2018-08-14                                        0.0056511 0.0064683 0.0057536 0.0057553 0.0062600 0.0056514 0.0072876 0.0061606 0.0024494 0.0022519 0.0026473 0.0013652 0.0000000 0.0017575 0.0022520 0.0022510 0.0028431 0.0034391 0.0031438 0.0021526 0.0020540 0.0020533 0.0012672 0.0027446 0.0022511 0.0023507 0.0019549 0.0021518 0.0022502 0.0023489 0.0023490 0.0023490 0.0022504 0.0024484 0.0023497 0.0024486 0.0026460 0.0025464 0.0025492 0.0026450 0.0028432 0.0026450 0.0026469 0.0031423 0.0017575 0.0040386 0.0036397 0.0035401 0.0024478 0.0037432 0.0044416 0.0046426 0.0036414 0.0043422 0.0035415 0.0044423 0.0040404 0.0044415 0.0047443 0.0042368 0.0025467 0.0039410 0.0042414 0.0031426 0.0021524 0.0031426 0.0031425 0.0055623 0.0038390 0.0036773 0.0021228 0.0035896 0.0053125 0.0055627 0.0036002 0.0026335 0.0028732 0.0033581 0.0023885 0.0023882 0.0023882 0.0031120 0.0019072 0.0031153 0.0031616 0.0028723 0.0023875 0.0023875 0.0019067 0.0023879 0.0033567 0.0048241 0.0036006 0.0036011 0.0038477 0.0033576 0.0048228 0.0048228 0.0026286 0.0033543 0.0033567 0.0040862 0.0040862 0.0023242 0.0037964 0.0045681 0.0038146 0.0031298 0.0062307 0.0067812 0.0045882 0.0020175 0.0037247 0.0056667 0.0052840 0.0028628 0.0028628 0.0038301 0.0048054 0.0038424 0.0067941 0.0048209 0.0053695 0.0040330 0.0056521 0.0066137 0.0085642 0.0162608 0.0162608 0.0037870 0.0210683 0.0210683 0.0047839 0.0046152 
MN122177|AS201600253|turdus_merula|NL|2016-09-27                                        0.0056514 0.0062650 0.0055515 0.0055531 0.0060572 0.0054494 0.0070831 0.0059578 0.0022519 0.0020547 0.0024496 0.0013651 0.0017575 0.0000000 0.0020548 0.0020539 0.0026453 0.0032404 0.0029444 0.0019556 0.0018572 0.0018566 0.0012671 0.0025469 0.0020540 0.0021534 0.0017583 0.0019549 0.0020532 0.0021518 0.0021519 0.0021519 0.0020533 0.0022511 0.0021525 0.0022512 0.0024484 0.0023490 0.0023516 0.0024475 0.0026454 0.0024475 0.0024493 0.0029430 0.0017574 0.0038390 0.0034407 0.0033412 0.0022505 0.0035438 0.0042413 0.0044421 0.0034422 0.0041421 0.0033425 0.0042420 0.0038408 0.0042413 0.0045435 0.0040371 0.0023493 0.0037414 0.0040414 0.0029433 0.0021523 0.0029433 0.0029431 0.0053600 0.0036397 0.0034762 0.0020039 0.0031359 0.0048209 0.0050699 0.0031146 0.0021509 0.0023901 0.0028733 0.0019074 0.0019072 0.0019072 0.0026286 0.0014279 0.0026313 0.0026704 0.0023894 0.0019067 0.0019067 0.0014275 0.0019069 0.0028721 0.0043340 0.0031150 0.0031154 0.0033607 0.0028728 0.0043328 0.0043328 0.0021469 0.0028700 0.0028721 0.0035991 0.0035991 0.0015451 0.0030284 0.0037960 0.0015127 0.0031298 0.0062314 0.0067820 0.0045886 0.0017277 0.0015844 0.0013960 0.0031476 0.0028628 0.0028628 0.0038301 0.0048054 0.0038424 0.0067941 0.0048209 0.0050276 0.0036243 0.0046961 0.0056521 0.0075900 0.0120320 0.0120320 0.0000010 0.0155330 0.0155330 0.0000010 0.0034484 
MN122188|AS201700024|turdus_merula|NL|2017-04-11                                        0.0051492 0.0057606 0.0050495 0.0050509 0.0055537 0.0049478 0.0065760 0.0054545 0.0011703 0.0015636 0.0017604 0.0016613 0.0022520 0.0020548 0.0000000 0.0009742 0.0023500 0.0029431 0.0024507 0.0014650 0.0013668 0.0013664 0.0015629 0.0022517 0.0017595 0.0016620 0.0012683 0.0014644 0.0015625 0.0016608 0.0016608 0.0016608 0.0015626 0.0017596 0.0016613 0.0017597 0.0019564 0.0018574 0.0018594 0.0019557 0.0021530 0.0019557 0.0021541 0.0026471 0.0018578 0.0033427 0.0029446 0.0028454 0.0017592 0.0032464 0.0037435 0.0039436 0.0029459 0.0036444 0.0028466 0.0037441 0.0033442 0.0037434 0.0042446 0.0035403 0.0018576 0.0032451 0.0035441 0.0024499 0.0024511 0.0026474 0.0026473 0.0048576 0.0033425 0.0029746 0.0022443 0.0024588 0.0048252 0.0045842 0.0026338 0.0016719 0.0009506 0.0009506 0.0019091 0.0014295 0.0014295 0.0021493 0.0009513 0.0021516 0.0012068 0.0019103 0.0014291 0.0014291 0.0009511 0.0019086 0.0023919 0.0038500 0.0026341 0.0026344 0.0028788 0.0023925 0.0038490 0.0038490 0.0021488 0.0023902 0.0023919 0.0036023 0.0036023 0.0007683 0.0007490 0.0030210 0.0022707 0.0023347 0.0054806 0.0060294 0.0037565 0.0014398 0.0021131 0.0000010 0.0020829 0.0018963 0.0018963 0.0028541 0.0038190 0.0028631 0.0057845 0.0038303 0.0046993 0.0040443 0.0066174 0.0056550 0.0095498 0.0079138 0.0079138 0.0037870 0.0155330 0.0155330 0.0047839 0.0034508 
MN122192|AS201700086|turdus_merula|NL|2017-07-11                                        0.0051469 0.0057580 0.0050472 0.0050486 0.0055512 0.0049456 0.0065730 0.0054520 0.0007788 0.0015629 0.0019565 0.0016605 0.0022510 0.0020539 0.0009742 0.0000000 0.0023489 0.0029417 0.0024496 0.0014643 0.0013662 0.0013658 0.0015622 0.0022507 0.0017588 0.0016613 0.0012678 0.0014638 0.0015618 0.0016600 0.0016601 0.0016601 0.0015619 0.0017589 0.0016605 0.0017590 0.0019556 0.0018566 0.0018586 0.0019548 0.0021520 0.0019548 0.0021531 0.0026459 0.0018570 0.0033412 0.0029432 0.0028441 0.0017584 0.0032450 0.0037418 0.0039418 0.0029446 0.0036428 0.0028453 0.0037424 0.0033427 0.0037418 0.0042427 0.0035388 0.0018568 0.0032437 0.0035426 0.0024488 0.0024501 0.0026462 0.0026461 0.0048554 0.0033410 0.0031748 0.0022433 0.0026831 0.0045760 0.0043354 0.0023903 0.0014306 0.0007117 0.0011883 0.0016676 0.0011892 0.0011892 0.0019073 0.0007123 0.0019092 0.0009638 0.0016687 0.0011889 0.0011889 0.0007121 0.0016672 0.0021490 0.0036032 0.0023905 0.0023909 0.0026344 0.0021496 0.0036022 0.0036022 0.0019068 0.0021475 0.0021490 0.0033563 0.0033563 0.0007683 0.0022594 0.0030210 0.0022707 0.0023347 0.0060397 0.0065895 0.0042534 0.0020195 0.0021131 0.0000010 0.0010377 0.0009449 0.0009449 0.0018963 0.0028539 0.0019022 0.0048033 0.0028631 0.0043531 0.0036293 0.0066174 0.0056550 0.0095498 0.0079138 0.0079138 0.0037870 0.0155330 0.0155330 0.0047839 0.0034508 
MN122198|AS201700109|turdus_merula|NL|2017-07-25                                        0.0051442 0.0057550 0.0050446 0.0050460 0.0053463 0.0049431 0.0065696 0.0054492 0.0025474 0.0023498 0.0027455 0.0024476 0.0028431 0.0026453 0.0023500 0.0023489 0.0000000 0.0011691 0.0024484 0.0012675 0.0011696 0.0011693 0.0023488 0.0004861 0.0015616 0.0014640 0.0010714 0.0012671 0.0013649 0.0014630 0.0014630 0.0014630 0.0013650 0.0015615 0.0014634 0.0015616 0.0017579 0.0016592 0.0016610 0.0017572 0.0019540 0.0017572 0.0011701 0.0022499 0.0026450 0.0031408 0.0027437 0.0026448 0.0015611 0.0014649 0.0037399 0.0039398 0.0029431 0.0036410 0.0028439 0.0037405 0.0033410 0.0035405 0.0038409 0.0033381 0.0016594 0.0030433 0.0033416 0.0022501 0.0032427 0.0022501 0.0022500 0.0046515 0.0015615 0.0013794 0.0025998 0.0025688 0.0031118 0.0043306 0.0023877 0.0023902 0.0026294 0.0031131 0.0011881 0.0011879 0.0011879 0.0019052 0.0016660 0.0019072 0.0029135 0.0016669 0.0011876 0.0011876 0.0016656 0.0011878 0.0021467 0.0035992 0.0023879 0.0023883 0.0026315 0.0021473 0.0035983 0.0035983 0.0014264 0.0021452 0.0021467 0.0009500 0.0009500 0.0007683 0.0022594 0.0030210 0.0022707 0.0023347 0.0056666 0.0062157 0.0035907 0.0020198 0.0021131 0.0013898 0.0020829 0.0018963 0.0018963 0.0028541 0.0038190 0.0028631 0.0057845 0.0038303 0.0046867 0.0032164 0.0027981 0.0037418 0.0056525 0.0120320 0.0120320 0.0000010 0.0155330 0.0155330 0.0000010 0.0011399 
NA|20TV2299|turdus_merula|NL|2020-08-29                                                 0.0055469 0.0061596 0.0054470 0.0054486 0.0057495 0.0053452 0.0069765 0.0058528 0.0031423 0.0029429 0.0033413 0.0028426 0.0034391 0.0032404 0.0029431 0.0029417 0.0011691 0.0000000 0.0030428 0.0018561 0.0017578 0.0017572 0.0027435 0.0010715 0.0021513 0.0020536 0.0016590 0.0018554 0.0019536 0.0020520 0.0020522 0.0020522 0.0019537 0.0021512 0.0020527 0.0021513 0.0023483 0.0022490 0.0022515 0.0023474 0.0025451 0.0023474 0.0017585 0.0026446 0.0032401 0.0037370 0.0033392 0.0032398 0.0021506 0.0020548 0.0043389 0.0045397 0.0035398 0.0042397 0.0034400 0.0043396 0.0039383 0.0041387 0.0044405 0.0039348 0.0022493 0.0036395 0.0039391 0.0028425 0.0038398 0.0028425 0.0028424 0.0052557 0.0013653 0.0012803 0.0028381 0.0030200 0.0033536 0.0050638 0.0031110 0.0031142 0.0033540 0.0038401 0.0019052 0.0019050 0.0019050 0.0026255 0.0023854 0.0026283 0.0034043 0.0023866 0.0019045 0.0019045 0.0023847 0.0019047 0.0028687 0.0043288 0.0031113 0.0031117 0.0033568 0.0028694 0.0043277 0.0043277 0.0021444 0.0028667 0.0028687 0.0011884 0.0011884 0.0023164 0.0037832 0.0045528 0.0038021 0.0039102 0.0062250 0.0067750 0.0047511 0.0023111 0.0031800 0.0013898 0.0041936 0.0038149 0.0038149 0.0047856 0.0057625 0.0048006 0.0077591 0.0057812 0.0050267 0.0032164 0.0027981 0.0037418 0.0056525 0.0120320 0.0120320 0.0000010 0.0155330 0.0155330 0.0000010 0.0011399 
MN122215|AS201800038|turdus_merula|NL|2017-09-11                                        0.0054514 0.0060643 0.0053516 0.0053531 0.0056541 0.0052497 0.0068815 0.0057575 0.0026484 0.0024506 0.0028468 0.0025485 0.0031438 0.0029444 0.0024507 0.0024496 0.0024484 0.0030428 0.0000000 0.0015629 0.0014647 0.0014643 0.0024495 0.0023501 0.0018577 0.0017601 0.0013662 0.0015624 0.0016605 0.0017588 0.0017589 0.0017589 0.0016606 0.0018578 0.0017594 0.0018579 0.0020547 0.0019556 0.0019577 0.0020539 0.0022513 0.0020539 0.0022525 0.0027457 0.0027461 0.0034417 0.0030443 0.0029441 0.0018573 0.0033455 0.0040428 0.0042434 0.0032445 0.0039436 0.0031449 0.0040435 0.0036427 0.0038428 0.0043442 0.0036395 0.0019558 0.0033441 0.0036434 0.0025484 0.0033448 0.0027460 0.0027459 0.0048536 0.0034415 0.0032762 0.0033184 0.0027972 0.0045748 0.0043342 0.0000010 0.0023921 0.0026316 0.0031156 0.0016672 0.0011889 0.0011889 0.0019068 0.0016674 0.0019087 0.0029160 0.0016682 0.0011886 0.0011886 0.0016670 0.0016668 0.0021485 0.0036022 0.0023899 0.0023902 0.0026337 0.0021490 0.0036013 0.0036013 0.0019063 0.0021470 0.0021485 0.0033555 0.0033555 0.0000010 0.0022585 0.0030197 0.0022697 0.0023337 0.0062270 0.0067772 0.0040874 0.0017292 0.0021125 0.0000010 0.0010377 0.0009449 0.0009449 0.0018963 0.0028539 0.0019022 0.0048033 0.0028631 0.0046930 0.0040386 0.0056707 0.0047113 0.0085932 0.0079138 0.0079138 0.0037870 0.0155330 0.0155330 0.0047839 0.0023000 
KY426753|NA|turdus_merula|DE|2015-08-18                                                 0.0042425 0.0048489 0.0041432 0.0041444 0.0044433 0.0040425 0.0056584 0.0045453 0.0016613 0.0014649 0.0018582 0.0015624 0.0021526 0.0019556 0.0014650 0.0014643 0.0012675 0.0018561 0.0015629 0.0000000 0.0002916 0.0002916 0.0014642 0.0011699 0.0008767 0.0005841 0.0001943 0.0003889 0.0004862 0.0005837 0.0005837 0.0005837 0.0004862 0.0006814 0.0005839 0.0006814 0.0008767 0.0007788 0.0007796 0.0008764 0.0008764 0.0008763 0.0010725 0.0015620 0.0017588 0.0022509 0.0018570 0.0017587 0.0006812 0.0021544 0.0028457 0.0030442 0.0020549 0.0027472 0.0019562 0.0028461 0.0024494 0.0026475 0.0031450 0.0024473 0.0007789 0.0021535 0.0024499 0.0013661 0.0023514 0.0015622 0.0015621 0.0037506 0.0022507 0.0020748 0.0021244 0.0015590 0.0038430 0.0036030 0.0016687 0.0016704 0.0019092 0.0023908 0.0009504 0.0004735 0.0004735 0.0011888 0.0009505 0.0011901 0.0021815 0.0000010 0.0004733 0.0004733 0.0009502 0.0009501 0.0014288 0.0028747 0.0016688 0.0016691 0.0019107 0.0014292 0.0028739 0.0028739 0.0011885 0.0014278 0.0014288 0.0026300 0.0026300 0.0007682 0.0022594 0.0030209 0.0022706 0.0023346 0.0051084 0.0056564 0.0030958 0.0017295 0.0021130 0.0013897 0.0020828 0.0009449 0.0009449 0.0018963 0.0028539 0.0019022 0.0048033 0.0028631 0.0036740 0.0028097 0.0037418 0.0027980 0.0066142 0.0079138 0.0079138 0.0037870 0.0155330 0.0155330 0.0047839 0.0000010 
KY426750|NA|turdus_merula|DE|2015-10-07                                                 0.0041423 0.0047482 0.0040431 0.0040443 0.0043430 0.0039424 0.0055571 0.0044449 0.0015631 0.0013667 0.0017598 0.0014643 0.0020540 0.0018572 0.0013668 0.0013662 0.0011696 0.0017578 0.0014647 0.0002916 0.0000000 0.0001943 0.0013661 0.0010720 0.0007790 0.0004866 0.0000971 0.0002915 0.0003888 0.0004862 0.0004863 0.0004863 0.0003889 0.0005839 0.0004864 0.0005839 0.0007790 0.0006812 0.0006819 0.0007787 0.0009742 0.0007787 0.0009747 0.0014639 0.0016605 0.0021523 0.0017587 0.0016604 0.0005837 0.0020558 0.0027466 0.0029450 0.0019563 0.0026481 0.0018578 0.0027470 0.0023507 0.0025486 0.0030447 0.0023486 0.0006813 0.0020549 0.0023511 0.0012681 0.0022527 0.0014641 0.0014640 0.0036506 0.0021521 0.0019753 0.0020055 0.0014471 0.0033541 0.0031146 0.0011889 0.0011901 0.0014283 0.0019078 0.0004730 0.0000010 0.0000010 0.0007115 0.0004731 0.0007122 0.0016924 0.0004733 0.0000010 0.0000010 0.0004729 0.0004739 0.0009502 0.0023895 0.0011890 0.0011892 0.0014294 0.0009504 0.0023889 0.0023889 0.0007113 0.0009495 0.0009502 0.0021464 0.0021464 0.0000010 0.0015019 0.0022592 0.0015096 0.0015512 0.0051115 0.0056598 0.0030974 0.0014398 0.0015817 0.0000010 0.0010377 0.0009449 0.0009449 0.0018963 0.0028539 0.0019022 0.0048033 0.0028631 0.0033323 0.0028097 0.0037418 0.0027980 0.0066142 0.0079138 0.0079138 0.0037870 0.0155330 0.0155330 0.0047839 0.0000010 
KY426752|NA|turdus_merula|DE|2015-08-18                                                 0.0041410 0.0047467 0.0040418 0.0040430 0.0043416 0.0039412 0.0055553 0.0044434 0.0015626 0.0013663 0.0017592 0.0014638 0.0020533 0.0018566 0.0013664 0.0013658 0.0011693 0.0017572 0.0014643 0.0002916 0.0001943 0.0000000 0.0013657 0.0010717 0.0007787 0.0004864 0.0000971 0.0002915 0.0003887 0.0004861 0.0004861 0.0004861 0.0003887 0.0005837 0.0004862 0.0005837 0.0007787 0.0006810 0.0006817 0.0007785 0.0009739 0.0007785 0.0009744 0.0014634 0.0016600 0.0021516 0.0017581 0.0016599 0.0005835 0.0020551 0.0027457 0.0029441 0.0019557 0.0026473 0.0018572 0.0027461 0.0023499 0.0025478 0.0030447 0.0023478 0.0006811 0.0020543 0.0023503 0.0012677 0.0022519 0.0014636 0.0014635 0.0036494 0.0021515 0.0019747 0.0020047 0.0014466 0.0033541 0.0031146 0.0011889 0.0011901 0.0014283 0.0019078 0.0004730 0.0000010 0.0000010 0.0007115 0.0004731 0.0007122 0.0016924 0.0004733 0.0000010 0.0000010 0.0004729 0.0004739 0.0009502 0.0023895 0.0011890 0.0011892 0.0014294 0.0009504 0.0023889 0.0023889 0.0007113 0.0009495 0.0009502 0.0021464 0.0021464 0.0000010 0.0015019 0.0022592 0.0015096 0.0015512 0.0049226 0.0054703 0.0029311 0.0014398 0.0015817 0.0000010 0.0010377 0.0009449 0.0009449 0.0018963 0.0028539 0.0019022 0.0048033 0.0028631 0.0033323 0.0028097 0.0037418 0.0027980 0.0066142 0.0079138 0.0079138 0.0037870 0.0155330 0.0155330 0.0047839 0.0000010 
OP555958|NA|turdus_merula|BE|2017-08-07                                                 0.0051465 0.0057575 0.0050468 0.0050483 0.0055508 0.0049452 0.0065725 0.0054516 0.0017594 0.0015628 0.0019564 0.0002914 0.0012672 0.0012671 0.0015629 0.0015622 0.0023488 0.0027435 0.0024495 0.0014642 0.0013661 0.0013657 0.0000000 0.0022506 0.0017586 0.0016611 0.0012677 0.0014637 0.0015617 0.0016599 0.0016600 0.0016600 0.0015618 0.0017587 0.0016604 0.0017588 0.0019554 0.0018565 0.0018585 0.0019547 0.0021519 0.0019547 0.0021530 0.0026457 0.0010715 0.0033410 0.0029430 0.0028439 0.0017583 0.0032448 0.0037415 0.0039416 0.0029444 0.0036426 0.0028451 0.0037421 0.0033425 0.0037415 0.0042424 0.0035385 0.0018567 0.0032434 0.0035423 0.0024486 0.0014641 0.0026460 0.0026459 0.0048551 0.0031420 0.0029730 0.0012934 0.0027958 0.0045758 0.0043351 0.0023901 0.0014305 0.0016691 0.0021498 0.0016675 0.0011891 0.0011891 0.0019072 0.0007122 0.0019091 0.0019374 0.0016686 0.0011888 0.0011888 0.0007121 0.0016671 0.0021489 0.0036030 0.0023904 0.0023907 0.0026342 0.0021495 0.0036020 0.0036020 0.0019067 0.0021474 0.0021489 0.0033562 0.0033562 0.0007702 0.0022652 0.0030282 0.0022762 0.0023406 0.0056695 0.0062189 0.0042553 0.0014381 0.0021167 0.0013960 0.0020901 0.0019021 0.0019021 0.0028631 0.0038300 0.0028720 0.0058028 0.0038426 0.0043481 0.0036243 0.0066174 0.0056550 0.0095498 0.0120602 0.0120602 0.0076839 0.0155330 0.0155330 0.0097428 0.0034508 
OP555957|NA|turdus_merula|BE|2017-07-24                                                 0.0050445 0.0056548 0.0049449 0.0049463 0.0052464 0.0048434 0.0064689 0.0053492 0.0024490 0.0022516 0.0026470 0.0023494 0.0027446 0.0025469 0.0022517 0.0022507 0.0004861 0.0010715 0.0023501 0.0011699 0.0010720 0.0010717 0.0022506 0.0000000 0.0014638 0.0013662 0.0009739 0.0011694 0.0012673 0.0013652 0.0013653 0.0013653 0.0012673 0.0014637 0.0013656 0.0014638 0.0016600 0.0015613 0.0015630 0.0016593 0.0018560 0.0016593 0.0010724 0.0021517 0.0025466 0.0030422 0.0026453 0.0025464 0.0014633 0.0011709 0.0036409 0.0038407 0.0028445 0.0035420 0.0027454 0.0036415 0.0032422 0.0034415 0.0037417 0.0032394 0.0015615 0.0029437 0.0032428 0.0021520 0.0031439 0.0021520 0.0021519 0.0045517 0.0014636 0.0012807 0.0027192 0.0024567 0.0035968 0.0048203 0.0028702 0.0028732 0.0031129 0.0035983 0.0016662 0.0016660 0.0016660 0.0023857 0.0021458 0.0023882 0.0034052 0.0021469 0.0016656 0.0016656 0.0021452 0.0016658 0.0026284 0.0040863 0.0028706 0.0028710 0.0031155 0.0026290 0.0040852 0.0040852 0.0019052 0.0026265 0.0026284 0.0014275 0.0014275 0.0007683 0.0022594 0.0030210 0.0022707 0.0023347 0.0054810 0.0060298 0.0034259 0.0017295 0.0021131 0.0013898 0.0020829 0.0018963 0.0018963 0.0028541 0.0038190 0.0028631 0.0057845 0.0038303 0.0053695 0.0040338 0.0046959 0.0056518 0.0075896 0.0120320 0.0120320 0.0000010 0.0155330 0.0155330 0.0000010 0.0022895 
KY426759|NA|turdus_merula|DE|2016-09-12                                                 0.0045432 0.0051512 0.0044438 0.0044451 0.0047445 0.0043428 0.0059625 0.0048468 0.0019563 0.0017594 0.0021535 0.0018571 0.0022511 0.0020540 0.0017595 0.0017588 0.0015616 0.0021513 0.0018577 0.0008767 0.0007790 0.0007787 0.0017586 0.0014638 0.0000000 0.0010726 0.0006812 0.0008764 0.0009740 0.0010718 0.0010719 0.0010719 0.0009741 0.0011700 0.0010721 0.0011701 0.0011701 0.0012676 0.0012689 0.0013654 0.0015617 0.0013654 0.0013664 0.0018568 0.0020538 0.0027446 0.0023495 0.0022508 0.0011697 0.0024507 0.0033429 0.0033434 0.0023508 0.0030446 0.0022519 0.0031448 0.0029441 0.0031439 0.0034434 0.0029414 0.0012677 0.0026472 0.0029446 0.0018570 0.0026478 0.0018570 0.0018569 0.0042512 0.0025469 0.0023736 0.0022433 0.0020075 0.0033545 0.0035997 0.0016672 0.0016689 0.0019075 0.0023887 0.0000010 0.0004730 0.0004730 0.0011878 0.0009496 0.0011890 0.0021796 0.0009501 0.0004739 0.0004739 0.0009494 0.0000010 0.0014276 0.0028721 0.0016674 0.0016676 0.0019090 0.0014279 0.0028714 0.0028714 0.0007114 0.0014266 0.0014276 0.0021467 0.0021467 0.0000010 0.0015019 0.0022592 0.0015096 0.0015512 0.0054834 0.0060325 0.0034273 0.0017292 0.0015817 0.0000010 0.0010377 0.0009449 0.0009449 0.0018963 0.0028539 0.0019022 0.0048033 0.0028631 0.0036701 0.0028103 0.0027981 0.0037418 0.0056525 0.0120320 0.0120320 0.0000010 0.0155330 0.0155330 0.0000010 0.0011399 
KJ438705|NA|culex_pipiens|DE|2010-07-14                                                 0.0044445 0.0050522 0.0043451 0.0043464 0.0046457 0.0042441 0.0058632 0.0047479 0.0018587 0.0016619 0.0020559 0.0017596 0.0023507 0.0021534 0.0016620 0.0016613 0.0014640 0.0020536 0.0017601 0.0005841 0.0004866 0.0004864 0.0016611 0.0013662 0.0010726 0.0000000 0.0003890 0.0005839 0.0006814 0.0007790 0.0007791 0.0007791 0.0006814 0.0008770 0.0007793 0.0008770 0.0010726 0.0009745 0.0009755 0.0010722 0.0012682 0.0010722 0.0012688 0.0017591 0.0019562 0.0024491 0.0020546 0.0019561 0.0008768 0.0023527 0.0030451 0.0032451 0.0022529 0.0029464 0.0021541 0.0030455 0.0026481 0.0026484 0.0033451 0.0026458 0.0009746 0.0023517 0.0026486 0.0015629 0.0025500 0.0017593 0.0017592 0.0037519 0.0024490 0.0022748 0.0022443 0.0017838 0.0038431 0.0036030 0.0016687 0.0016704 0.0019092 0.0023908 0.0009504 0.0004735 0.0004735 0.0011889 0.0009505 0.0011901 0.0021816 0.0009510 0.0004733 0.0004733 0.0009503 0.0009501 0.0014289 0.0028747 0.0016689 0.0016691 0.0019108 0.0014292 0.0028740 0.0028740 0.0011886 0.0014279 0.0014289 0.0026300 0.0026300 0.0000010 0.0015019 0.0022592 0.0015096 0.0015512 0.0051115 0.0056598 0.0030974 0.0014398 0.0015817 0.0000010 0.0010377 0.0009449 0.0009449 0.0018963 0.0028539 0.0019022 0.0048033 0.0028631 0.0040131 0.0036291 0.0056700 0.0047107 0.0085922 0.0120602 0.0120602 0.0076839 0.0211417 0.0211417 0.0097428 0.0011449 
KJ438706|NA|culex_pipiens|DE|2011-07-05                                                 0.0040409 0.0046461 0.0039418 0.0039429 0.0042413 0.0038412 0.0054541 0.0043431 0.0014644 0.0012683 0.0016609 0.0013657 0.0019549 0.0017583 0.0012683 0.0012678 0.0010714 0.0016590 0.0013662 0.0001943 0.0000971 0.0000971 0.0012677 0.0009739 0.0006812 0.0003890 0.0000000 0.0001942 0.0002914 0.0003887 0.0003887 0.0003887 0.0002915 0.0004862 0.0003888 0.0004863 0.0006812 0.0005835 0.0005841 0.0006809 0.0008762 0.0006809 0.0008766 0.0013654 0.0015618 0.0020531 0.0016598 0.0015617 0.0004861 0.0019565 0.0026467 0.0028449 0.0018573 0.0025483 0.0017588 0.0026471 0.0022512 0.0024489 0.0029444 0.0022492 0.0005836 0.0019557 0.0022516 0.0011698 0.0021533 0.0013655 0.0013655 0.0035495 0.0020529 0.0018753 0.0018860 0.0013348 0.0033541 0.0031146 0.0011889 0.0011901 0.0014283 0.0019078 0.0004730 0.0000010 0.0000010 0.0007115 0.0004731 0.0007122 0.0016924 0.0004733 0.0000010 0.0000010 0.0004729 0.0004739 0.0009502 0.0023895 0.0011890 0.0011892 0.0014294 0.0009504 0.0023889 0.0023889 0.0007113 0.0009495 0.0009502 0.0021464 0.0021464 0.0000010 0.0015019 0.0022592 0.0015096 0.0015512 0.0049226 0.0054703 0.0029311 0.0014398 0.0015817 0.0000010 0.0010377 0.0009449 0.0009449 0.0018963 0.0028539 0.0019022 0.0048033 0.0028631 0.0033323 0.0028097 0.0037418 0.0027980 0.0066142 0.0079138 0.0079138 0.0037870 0.0155330 0.0155330 0.0047839 0.0000010 
