99
OR573992|AS201700144|branta_ruficollis|NL|2017-08-15                                    0.0000000 0.0027478 0.0020540 0.0020546 0.0025476 0.0019551 0.0035450 0.0024495 0.0053599 0.0051573 0.0055633 0.0052563 0.0056612 0.0056615 0.0051577 0.0051552 0.0051524 0.0055564 0.0054609 0.0042479 0.0041475 0.0041461 0.0051548 0.0050523 0.0045495 0.0044506 0.0040457 0.0042462 0.0043465 0.0044470 0.0044473 0.0044473 0.0043467 0.0045492 0.0044485 0.0045495 0.0047506 0.0046484 0.0046538 0.0047487 0.0049511 0.0047487 0.0049538 0.0054575 0.0054584 0.0061693 0.0057626 0.0056610 0.0045480 0.0060739 0.0039432 0.0037437 0.0029460 0.0036443 0.0030452 0.0037441 0.0035428 0.0049476 0.0056574 0.0063705 0.0046490 0.0060712 0.0063780 0.0052561 0.0060726 0.0054582 0.0054579 0.0062820 0.0059650 0.0058222 0.0057498 0.0055486 0.0025311 0.0030742 0.0066185 0.0049670 0.0037235 0.0100552 0.0042180 0.0042061 0.0038232 0.0038232 0.0047989 0.0057808 0.0048148 0.0077910 0.0058006 0.0046915 0.0056831 0.0075657 0.0065981 0.0105200 0.0164138 0.0164138 0.0117045 0.0271825 0.0271825 0.0149103 0.0082268 
NA|AS20190530|turdus_merula|NL|2019-08-19                                               0.0027478 0.0000000 0.0014650 0.0012672 0.0019568 0.0013666 0.0027491 0.0018589 0.0059750 0.0057712 0.0061796 0.0058706 0.0064822 0.0062780 0.0057716 0.0057688 0.0057657 0.0061718 0.0060766 0.0048564 0.0047554 0.0047538 0.0057684 0.0056651 0.0051597 0.0050605 0.0046528 0.0048545 0.0049552 0.0050564 0.0050567 0.0050567 0.0049555 0.0051594 0.0050581 0.0051597 0.0053619 0.0052589 0.0052650 0.0053597 0.0055633 0.0053597 0.0055664 0.0060727 0.0060737 0.0067886 0.0063797 0.0062774 0.0051579 0.0066933 0.0045494 0.0043488 0.0035465 0.0042490 0.0036463 0.0043493 0.0041466 0.0055594 0.0062734 0.0069907 0.0052595 0.0066904 0.0069990 0.0058703 0.0066919 0.0060735 0.0060731 0.0069031 0.0065831 0.0064458 0.0064942 0.0061348 0.0034498 0.0021639 0.0074755 0.0058706 0.0053632 0.0130712 0.0071055 0.0063595 0.0057972 0.0057972 0.0067905 0.0077909 0.0068135 0.0098461 0.0078182 0.0040168 0.0052778 0.0066018 0.0056400 0.0095371 0.0079414 0.0079414 0.0037874 0.0156202 0.0156202 0.0047877 0.0070274 
MN122190|AS201700080|turdus_merula|NL|2017-07-05                                        0.0020540 0.0014650 0.0000000 0.0007784 0.0012667 0.0006806 0.0022540 0.0011693 0.0052598 0.0050573 0.0054631 0.0051563 0.0057642 0.0055613 0.0050576 0.0050552 0.0050525 0.0054563 0.0053608 0.0041485 0.0040481 0.0040467 0.0050548 0.0049524 0.0044499 0.0043510 0.0039464 0.0041468 0.0042470 0.0043475 0.0043478 0.0043478 0.0042472 0.0043490 0.0043490 0.0044499 0.0046509 0.0045488 0.0045540 0.0046490 0.0048513 0.0044476 0.0048539 0.0053574 0.0053583 0.0060688 0.0056624 0.0055608 0.0044484 0.0059733 0.0038440 0.0036446 0.0028473 0.0035453 0.0029465 0.0036450 0.0034438 0.0048479 0.0055573 0.0062699 0.0045493 0.0059707 0.0062773 0.0051561 0.0059720 0.0053581 0.0053578 0.0061813 0.0058647 0.0057209 0.0056289 0.0054343 0.0028969 0.0019810 0.0074712 0.0055648 0.0059014 0.0161698 0.0100643 0.0085537 0.0067672 0.0067672 0.0077649 0.0087696 0.0077913 0.0108366 0.0088005 0.0023253 0.0032181 0.0027897 0.0018532 0.0056407 0.0079414 0.0079414 0.0037874 0.0156202 0.0156202 0.0047877 0.0023015 
MK796168|AS201600070|strix_nebulosa|NL|2016-09-13                                       0.0020546 0.0012672 0.0007784 0.0000000 0.0012671 0.0006808 0.0020555 0.0011696 0.0052614 0.0050588 0.0054647 0.0051579 0.0057660 0.0055630 0.0050592 0.0050567 0.0050540 0.0054579 0.0053624 0.0041497 0.0040493 0.0040479 0.0050563 0.0049539 0.0044512 0.0043523 0.0039476 0.0041480 0.0042483 0.0043488 0.0043491 0.0043491 0.0042485 0.0044510 0.0043503 0.0044512 0.0046523 0.0045501 0.0045554 0.0046504 0.0048527 0.0046504 0.0048554 0.0053590 0.0053599 0.0060707 0.0056641 0.0055625 0.0044497 0.0059751 0.0038451 0.0036456 0.0028481 0.0035463 0.0029474 0.0036460 0.0034448 0.0048493 0.0055589 0.0062718 0.0045507 0.0059725 0.0062792 0.0051576 0.0059738 0.0053597 0.0053594 0.0061832 0.0058665 0.0057226 0.0056309 0.0054362 0.0028966 0.0016183 0.0069582 0.0052646 0.0053514 0.0130712 0.0071055 0.0063595 0.0057741 0.0057741 0.0067632 0.0077593 0.0067860 0.0098051 0.0077863 0.0033395 0.0044533 0.0027897 0.0018532 0.0056407 0.0079414 0.0079414 0.0037874 0.0156202 0.0156202 0.0047877 0.0023015 
MN122213|AS201700248|turdus_merula|NL|2017-09-20                                        0.0025476 0.0019568 0.0012667 0.0012671 0.0000000 0.0009733 0.0027489 0.0016607 0.0057666 0.0055633 0.0059707 0.0056625 0.0062727 0.0060690 0.0055637 0.0055610 0.0053551 0.0057598 0.0056644 0.0044493 0.0043487 0.0043472 0.0055606 0.0052549 0.0047514 0.0046524 0.0042467 0.0044475 0.0045479 0.0046487 0.0046490 0.0046490 0.0045482 0.0047511 0.0046503 0.0047514 0.0049528 0.0048504 0.0048560 0.0049508 0.0051536 0.0049508 0.0051564 0.0056608 0.0058652 0.0063739 0.0059665 0.0058647 0.0047498 0.0062785 0.0043447 0.0041446 0.0033443 0.0040450 0.0034438 0.0041451 0.0039430 0.0051500 0.0058610 0.0063708 0.0048510 0.0062757 0.0065830 0.0054591 0.0064817 0.0056616 0.0056612 0.0062824 0.0061692 0.0060282 0.0061190 0.0054336 0.0038153 0.0025261 0.0079830 0.0064653 0.0070023 0.0146104 0.0085758 0.0074466 0.0067629 0.0067629 0.0077600 0.0087640 0.0077863 0.0108295 0.0087948 0.0029978 0.0036263 0.0037336 0.0027911 0.0066061 0.0079414 0.0079414 0.0037874 0.0156202 0.0156202 0.0047877 0.0034684 
KY315178|Gracula_religiosa/U1609393/Belgium/2016|gracula_religiosa|BE|2016-10-03        0.0019551 0.0013666 0.0006806 0.0006808 0.0009733 0.0000000 0.0021547 0.0010713 0.0051575 0.0049552 0.0053606 0.0050542 0.0056615 0.0054588 0.0049556 0.0049532 0.0049505 0.0053539 0.0052584 0.0040473 0.0039471 0.0039457 0.0049528 0.0048505 0.0043485 0.0042497 0.0038455 0.0040457 0.0041458 0.0042462 0.0042465 0.0042465 0.0041461 0.0043482 0.0042477 0.0043485 0.0045493 0.0044473 0.0044524 0.0045475 0.0047495 0.0045474 0.0047521 0.0052551 0.0052560 0.0059658 0.0055598 0.0054583 0.0043470 0.0058703 0.0037433 0.0035440 0.0027476 0.0034448 0.0028467 0.0035444 0.0033435 0.0047462 0.0054548 0.0061668 0.0044478 0.0058678 0.0061740 0.0050540 0.0058690 0.0052558 0.0052555 0.0060780 0.0057619 0.0056172 0.0055052 0.0053176 0.0030796 0.0017992 0.0071280 0.0055628 0.0048074 0.0130712 0.0071055 0.0063595 0.0047960 0.0047960 0.0057779 0.0067669 0.0057972 0.0087948 0.0067902 0.0026606 0.0036255 0.0037315 0.0027895 0.0066023 0.0079414 0.0079414 0.0037874 0.0156202 0.0156202 0.0047877 0.0023015 
NA|AS20221798|turdus_merula|NL|2022-08-30                                               0.0035450 0.0027491 0.0022540 0.0020555 0.0027489 0.0021547 0.0000000 0.0026506 0.0067954 0.0063854 0.0067959 0.0066899 0.0073056 0.0071001 0.0065907 0.0065876 0.0065839 0.0069926 0.0068976 0.0056690 0.0055673 0.0055653 0.0065870 0.0064828 0.0059743 0.0058747 0.0054637 0.0056667 0.0057681 0.0058699 0.0058703 0.0058703 0.0057684 0.0059739 0.0058719 0.0059743 0.0061777 0.0060739 0.0060809 0.0061752 0.0063803 0.0061752 0.0063839 0.0068932 0.0068944 0.0076141 0.0072024 0.0070994 0.0059722 0.0075190 0.0053591 0.0051573 0.0043496 0.0050570 0.0044500 0.0051579 0.0049535 0.0061715 0.0070949 0.0078171 0.0059726 0.0075156 0.0078264 0.0066896 0.0075173 0.0066888 0.0068937 0.0073170 0.0074071 0.0072773 0.0072366 0.0067203 0.0043757 0.0030781 0.0086824 0.0067734 0.0058992 0.0130712 0.0071055 0.0063595 0.0047960 0.0047960 0.0057779 0.0067669 0.0057972 0.0087948 0.0067902 0.0040177 0.0048651 0.0037337 0.0027912 0.0066064 0.0079414 0.0079414 0.0037874 0.0156202 0.0156202 0.0047877 0.0034686 
MT133690|UV/BlackBird/Sweden/SVA190801SZ0368/VLT001567/2019|turdus_merula|SE|2019-08-01 0.0024495 0.0018589 0.0011693 0.0011696 0.0016607 0.0010713 0.0026506 0.0000000 0.0056670 0.0054638 0.0058710 0.0055630 0.0061729 0.0059693 0.0054642 0.0054616 0.0054585 0.0058636 0.0057683 0.0045517 0.0044510 0.0044494 0.0054611 0.0053582 0.0048542 0.0047551 0.0043488 0.0045499 0.0046504 0.0047513 0.0047516 0.0047516 0.0046507 0.0048539 0.0047529 0.0048542 0.0050558 0.0049532 0.0049589 0.0050538 0.0052568 0.0050537 0.0052596 0.0057646 0.0057656 0.0064785 0.0060707 0.0059688 0.0048525 0.0063831 0.0042458 0.0040458 0.0032458 0.0039462 0.0033453 0.0038458 0.0036442 0.0052531 0.0059650 0.0066801 0.0049538 0.0063803 0.0066880 0.0053597 0.0063817 0.0057654 0.0057650 0.0065921 0.0062736 0.0061335 0.0061213 0.0056672 0.0038150 0.0025259 0.0079881 0.0064631 0.0064496 0.0146104 0.0085758 0.0074514 0.0057774 0.0057774 0.0067672 0.0077639 0.0067899 0.0098111 0.0077909 0.0023253 0.0032181 0.0027897 0.0018532 0.0056407 0.0079414 0.0079414 0.0037874 0.0156202 0.0156202 0.0047877 0.0023015 
KY263626|NA|turdus_merula|BE|2016-09                                                    0.0053599 0.0059750 0.0052598 0.0052614 0.0057666 0.0051575 0.0067954 0.0056670 0.0000000 0.0017612 0.0021561 0.0018590 0.0024515 0.0022537 0.0011698 0.0007784 0.0025497 0.0031449 0.0026511 0.0016622 0.0015638 0.0015633 0.0017604 0.0024512 0.0019576 0.0018599 0.0014650 0.0016616 0.0017599 0.0018584 0.0018586 0.0018586 0.0017600 0.0019577 0.0018591 0.0019578 0.0021550 0.0020557 0.0020580 0.0021542 0.0023521 0.0021542 0.0023534 0.0028480 0.0018588 0.0035452 0.0031466 0.0030471 0.0019571 0.0034489 0.0039477 0.0041487 0.0031481 0.0038484 0.0030484 0.0039484 0.0035469 0.0039477 0.0044510 0.0037434 0.0020559 0.0034474 0.0037476 0.0026501 0.0026515 0.0028483 0.0028482 0.0050678 0.0035449 0.0033802 0.0027226 0.0030268 0.0056783 0.0062291 0.0039267 0.0020217 0.0015824 0.0056476 0.0000010 0.0010384 0.0009451 0.0009451 0.0018974 0.0028566 0.0019035 0.0048122 0.0028662 0.0053853 0.0044533 0.0076089 0.0066354 0.0105820 0.0079414 0.0079414 0.0037874 0.0156202 0.0156202 0.0047877 0.0046269 
MN122152|AS201600060|turdus_merula|NL|2016-09-12                                        0.0051573 0.0057712 0.0050573 0.0050588 0.0055633 0.0049552 0.0063854 0.0054638 0.0017612 0.0000000 0.0009741 0.0016621 0.0022536 0.0020562 0.0015644 0.0015637 0.0023518 0.0029460 0.0024528 0.0014655 0.0013673 0.0013669 0.0015636 0.0022533 0.0017604 0.0016628 0.0012678 0.0014650 0.0015632 0.0016615 0.0016616 0.0016616 0.0015633 0.0017605 0.0016621 0.0017606 0.0019576 0.0018585 0.0018605 0.0019568 0.0021545 0.0019568 0.0021556 0.0026495 0.0018588 0.0033456 0.0029476 0.0028482 0.0017601 0.0032493 0.0037474 0.0039480 0.0029490 0.0034482 0.0028495 0.0037480 0.0033472 0.0037474 0.0041496 0.0035436 0.0018587 0.0032479 0.0035476 0.0024519 0.0024532 0.0026498 0.0026497 0.0048652 0.0033454 0.0031788 0.0024837 0.0025737 0.0056783 0.0062292 0.0040931 0.0020220 0.0021144 0.0056476 0.0000010 0.0010384 0.0009451 0.0009451 0.0018974 0.0028566 0.0019035 0.0048122 0.0028662 0.0047047 0.0036367 0.0056622 0.0047029 0.0085894 0.0079414 0.0079414 0.0037874 0.0156202 0.0156202 0.0047877 0.0022920 
MN122203|AS201700127|turdus_merula|NL|2017-07-30                                        0.0055633 0.0061796 0.0054631 0.0054647 0.0059707 0.0053606 0.0067959 0.0058710 0.0021561 0.0009741 0.0000000 0.0020565 0.0026499 0.0024518 0.0017615 0.0019578 0.0027482 0.0033443 0.0028499 0.0018594 0.0017608 0.0017602 0.0019577 0.0026496 0.0021552 0.0020574 0.0016618 0.0018587 0.0019571 0.0020558 0.0020559 0.0020559 0.0019573 0.0021553 0.0020565 0.0021554 0.0023530 0.0022534 0.0022559 0.0023521 0.0025503 0.0023520 0.0025517 0.0030470 0.0022539 0.0037454 0.0033462 0.0032464 0.0021547 0.0036492 0.0041487 0.0042494 0.0033478 0.0038486 0.0032478 0.0041494 0.0037472 0.0039479 0.0045523 0.0039438 0.0022537 0.0034477 0.0037479 0.0028488 0.0028504 0.0030474 0.0030472 0.0052712 0.0037451 0.0035821 0.0029623 0.0028002 0.0062425 0.0067948 0.0040935 0.0028987 0.0037236 0.0070998 0.0013904 0.0020851 0.0038232 0.0038232 0.0047989 0.0057808 0.0048148 0.0077910 0.0058006 0.0050477 0.0040475 0.0056622 0.0047029 0.0085894 0.0079414 0.0079414 0.0037874 0.0156202 0.0156202 0.0047877 0.0022920 
MN122158|AS201600104|turdus_merula|NL|2016-09-22                                        0.0052563 0.0058706 0.0051563 0.0051579 0.0056625 0.0050542 0.0066899 0.0055630 0.0018590 0.0016621 0.0020565 0.0000000 0.0013657 0.0013656 0.0016622 0.0016614 0.0024497 0.0028455 0.0025508 0.0015632 0.0014649 0.0014645 0.0002912 0.0023512 0.0018582 0.0017606 0.0013663 0.0015626 0.0016608 0.0017592 0.0017593 0.0017593 0.0016609 0.0018583 0.0017598 0.0018584 0.0020554 0.0019562 0.0019584 0.0020546 0.0022523 0.0020546 0.0022535 0.0027475 0.0009733 0.0034439 0.0030458 0.0029464 0.0018578 0.0033477 0.0038459 0.0040466 0.0030473 0.0037466 0.0029476 0.0038465 0.0034455 0.0038459 0.0043485 0.0036419 0.0019564 0.0033462 0.0036461 0.0025499 0.0013666 0.0027479 0.0027477 0.0049643 0.0032443 0.0030769 0.0011753 0.0029120 0.0058696 0.0064213 0.0044284 0.0014394 0.0021182 0.0071355 0.0013970 0.0020928 0.0019034 0.0019034 0.0028662 0.0038359 0.0028756 0.0058168 0.0038490 0.0043522 0.0036263 0.0066319 0.0056655 0.0095819 0.0121240 0.0121240 0.0076970 0.0156202 0.0156202 0.0097696 0.0034541 
MN122235|AS201800112|turdus_merula|NL|2018-08-14                                        0.0056612 0.0064822 0.0057642 0.0057660 0.0062727 0.0056615 0.0073056 0.0061729 0.0024515 0.0022536 0.0026499 0.0013657 0.0000000 0.0017585 0.0022538 0.0022527 0.0028460 0.0034422 0.0031464 0.0021541 0.0020554 0.0020547 0.0012666 0.0027473 0.0022528 0.0023526 0.0019561 0.0021533 0.0022519 0.0023508 0.0023509 0.0023509 0.0022521 0.0024505 0.0023516 0.0024507 0.0026485 0.0025487 0.0025516 0.0026475 0.0028462 0.0026475 0.0026495 0.0031449 0.0017585 0.0040432 0.0036434 0.0035435 0.0024499 0.0037473 0.0044475 0.0046491 0.0036451 0.0043479 0.0035450 0.0044482 0.0040452 0.0044474 0.0047512 0.0042419 0.0025490 0.0039455 0.0042468 0.0031453 0.0021540 0.0031453 0.0031451 0.0055726 0.0038431 0.0036811 0.0021233 0.0035931 0.0062451 0.0067976 0.0045951 0.0020195 0.0037292 0.0116102 0.0056787 0.0052960 0.0028660 0.0028660 0.0038361 0.0048146 0.0038488 0.0068132 0.0048309 0.0053765 0.0040358 0.0056622 0.0066278 0.0085894 0.0163697 0.0163697 0.0037874 0.0212332 0.0212332 0.0047877 0.0046205 
MN122177|AS201600253|turdus_merula|NL|2016-09-27                                        0.0056615 0.0062780 0.0055613 0.0055630 0.0060690 0.0054588 0.0071001 0.0059693 0.0022537 0.0020562 0.0024518 0.0013656 0.0017585 0.0000000 0.0020563 0.0020553 0.0026478 0.0032431 0.0029476 0.0019569 0.0018583 0.0018577 0.0012665 0.0025492 0.0020554 0.0021550 0.0017592 0.0019561 0.0020546 0.0021533 0.0021534 0.0021534 0.0020547 0.0022528 0.0021540 0.0022530 0.0024505 0.0023509 0.0023536 0.0024496 0.0026479 0.0024496 0.0024514 0.0029461 0.0017584 0.0038432 0.0034439 0.0033442 0.0022522 0.0035474 0.0042467 0.0044480 0.0034456 0.0041472 0.0033456 0.0042474 0.0038450 0.0042466 0.0045499 0.0040416 0.0023512 0.0037455 0.0040462 0.0029465 0.0021539 0.0029465 0.0029463 0.0053696 0.0036433 0.0034796 0.0020043 0.0031385 0.0062458 0.0067984 0.0045955 0.0017293 0.0015853 0.0071355 0.0013970 0.0031523 0.0028660 0.0028660 0.0038361 0.0048146 0.0038488 0.0068132 0.0048309 0.0050336 0.0036263 0.0047030 0.0056622 0.0076095 0.0120930 0.0120930 0.0000010 0.0156202 0.0156202 0.0000010 0.0034517 
MN122188|AS201700024|turdus_merula|NL|2017-04-11                                        0.0051577 0.0057716 0.0050576 0.0050592 0.0055637 0.0049556 0.0065907 0.0054642 0.0011698 0.0015644 0.0017615 0.0016622 0.0022538 0.0020563 0.0000000 0.0009737 0.0023519 0.0029462 0.0024530 0.0014656 0.0013674 0.0013669 0.0015637 0.0022535 0.0017606 0.0016629 0.0012678 0.0014651 0.0015633 0.0016616 0.0016617 0.0016617 0.0015634 0.0017607 0.0016622 0.0017608 0.0019577 0.0018586 0.0018607 0.0019570 0.0021546 0.0019570 0.0021558 0.0026497 0.0018590 0.0033458 0.0029478 0.0028484 0.0017602 0.0032495 0.0037476 0.0039483 0.0029492 0.0036484 0.0028497 0.0037483 0.0033474 0.0037476 0.0042501 0.0035438 0.0018588 0.0032481 0.0035479 0.0024520 0.0024534 0.0026500 0.0026498 0.0048655 0.0033456 0.0029780 0.0022451 0.0024609 0.0054916 0.0060421 0.0037610 0.0014409 0.0021144 0.0056476 0.0000010 0.0020852 0.0018973 0.0018973 0.0028569 0.0038233 0.0028662 0.0057974 0.0038363 0.0047050 0.0040478 0.0066319 0.0056655 0.0095819 0.0079414 0.0079414 0.0037874 0.0156202 0.0156202 0.0047877 0.0034541 
MN122192|AS201700086|turdus_merula|NL|2017-07-11                                        0.0051552 0.0057688 0.0050552 0.0050567 0.0055610 0.0049532 0.0065876 0.0054616 0.0007784 0.0015637 0.0019578 0.0016614 0.0022527 0.0020553 0.0009737 0.0000000 0.0023508 0.0029449 0.0024518 0.0014650 0.0013668 0.0013663 0.0015630 0.0022524 0.0017598 0.0016622 0.0012673 0.0014644 0.0015626 0.0016609 0.0016610 0.0016610 0.0015626 0.0017598 0.0016614 0.0017600 0.0019568 0.0018577 0.0018598 0.0019561 0.0021536 0.0019561 0.0021548 0.0026484 0.0018581 0.0033442 0.0029465 0.0028471 0.0017594 0.0032480 0.0037459 0.0039464 0.0029479 0.0036467 0.0028483 0.0037465 0.0033458 0.0037458 0.0042481 0.0035421 0.0018579 0.0032466 0.0035462 0.0024509 0.0024522 0.0026488 0.0026486 0.0048632 0.0033440 0.0031775 0.0022440 0.0026856 0.0060530 0.0066047 0.0042592 0.0020217 0.0021144 0.0056476 0.0000010 0.0010384 0.0009451 0.0009451 0.0018974 0.0028566 0.0019035 0.0048122 0.0028662 0.0043575 0.0036317 0.0066319 0.0056655 0.0095819 0.0079414 0.0079414 0.0037874 0.0156202 0.0156202 0.0047877 0.0034541 
MN122198|AS201700109|turdus_merula|NL|2017-07-25                                        0.0051524 0.0057657 0.0050525 0.0050540 0.0053551 0.0049505 0.0065839 0.0054585 0.0025497 0.0023518 0.0027482 0.0024497 0.0028460 0.0026478 0.0023519 0.0023508 0.0000000 0.0011685 0.0024505 0.0012670 0.0011691 0.0011687 0.0023506 0.0004858 0.0015623 0.0014647 0.0010709 0.0012665 0.0013654 0.0014635 0.0014636 0.0014636 0.0013655 0.0015622 0.0014640 0.0015623 0.0017588 0.0016600 0.0016618 0.0017581 0.0019552 0.0017581 0.0011696 0.0022515 0.0026474 0.0031433 0.0027464 0.0026472 0.0015618 0.0014656 0.0037438 0.0039443 0.0029463 0.0036447 0.0028468 0.0037445 0.0033440 0.0035439 0.0038451 0.0033409 0.0016602 0.0030457 0.0033447 0.0022518 0.0032455 0.0022518 0.0022517 0.0046584 0.0015622 0.0013799 0.0026008 0.0025710 0.0056783 0.0062291 0.0035947 0.0020220 0.0021144 0.0071003 0.0013905 0.0020852 0.0018973 0.0018973 0.0028569 0.0038233 0.0028662 0.0057974 0.0038363 0.0046916 0.0032189 0.0028002 0.0037458 0.0056627 0.0120930 0.0120930 0.0000010 0.0156202 0.0156202 0.0000010 0.0011400 
NA|20TV2299|turdus_merula|NL|2020-08-29                                                 0.0055564 0.0061718 0.0054563 0.0054579 0.0057598 0.0053539 0.0069926 0.0058636 0.0031449 0.0029460 0.0033443 0.0028455 0.0034422 0.0032431 0.0029462 0.0029449 0.0011685 0.0000000 0.0030452 0.0018571 0.0017587 0.0017581 0.0027461 0.0010709 0.0021528 0.0020550 0.0016598 0.0018564 0.0019548 0.0020533 0.0020535 0.0020535 0.0019549 0.0021527 0.0020540 0.0021528 0.0023501 0.0022507 0.0022532 0.0023492 0.0025473 0.0023492 0.0017595 0.0026470 0.0032427 0.0037408 0.0033421 0.0032425 0.0021521 0.0020562 0.0043444 0.0045458 0.0035432 0.0042449 0.0034432 0.0043451 0.0039427 0.0041436 0.0044463 0.0039390 0.0022509 0.0036431 0.0039435 0.0028454 0.0038440 0.0028454 0.0028452 0.0052646 0.0013658 0.0012798 0.0028393 0.0030232 0.0062390 0.0067909 0.0047583 0.0023128 0.0031829 0.0071003 0.0013905 0.0042009 0.0038188 0.0038188 0.0047934 0.0057741 0.0048093 0.0077817 0.0057938 0.0050326 0.0032189 0.0028002 0.0037458 0.0056627 0.0120930 0.0120930 0.0000010 0.0156202 0.0156202 0.0000010 0.0011400 
MN122215|AS201800038|turdus_merula|NL|2017-09-11                                        0.0054609 0.0060766 0.0053608 0.0053624 0.0056644 0.0052584 0.0068976 0.0057683 0.0026511 0.0024528 0.0028499 0.0025508 0.0031464 0.0029476 0.0024530 0.0024518 0.0024505 0.0030452 0.0000000 0.0015637 0.0014654 0.0014649 0.0024516 0.0023520 0.0018588 0.0017612 0.0013667 0.0015631 0.0016614 0.0017598 0.0017599 0.0017599 0.0016615 0.0018589 0.0017604 0.0018590 0.0020561 0.0019569 0.0019591 0.0020553 0.0022531 0.0020553 0.0022543 0.0027484 0.0027489 0.0034450 0.0030468 0.0029474 0.0018584 0.0033488 0.0040477 0.0042488 0.0032475 0.0039483 0.0031477 0.0040484 0.0036466 0.0038471 0.0043500 0.0036431 0.0019571 0.0033473 0.0036473 0.0025507 0.0033481 0.0027488 0.0027486 0.0048613 0.0034448 0.0032792 0.0033216 0.0028000 0.0062411 0.0067933 0.0040927 0.0017308 0.0021137 0.0056476 0.0000010 0.0010384 0.0009451 0.0009451 0.0018974 0.0028566 0.0019035 0.0048122 0.0028662 0.0046983 0.0040418 0.0056820 0.0047191 0.0086201 0.0079414 0.0079414 0.0037874 0.0156202 0.0156202 0.0047877 0.0023015 
KY426753|NA|turdus_merula|DE|2015-08-18                                                 0.0042479 0.0048564 0.0041485 0.0041497 0.0044493 0.0040473 0.0056690 0.0045517 0.0016622 0.0014655 0.0018594 0.0015632 0.0021541 0.0019569 0.0014656 0.0014650 0.0012670 0.0018571 0.0015637 0.0000000 0.0002915 0.0002914 0.0014648 0.0011693 0.0008762 0.0005838 0.0001942 0.0003886 0.0004859 0.0005833 0.0005834 0.0005834 0.0004860 0.0006810 0.0005835 0.0006811 0.0008762 0.0007784 0.0007792 0.0008759 0.0008760 0.0008759 0.0010720 0.0015628 0.0017598 0.0022526 0.0018581 0.0017596 0.0006809 0.0021561 0.0028487 0.0030478 0.0020563 0.0027500 0.0019575 0.0028492 0.0024516 0.0026501 0.0031478 0.0024493 0.0007785 0.0021551 0.0024521 0.0013667 0.0023534 0.0015630 0.0015629 0.0037551 0.0022525 0.0020763 0.0021250 0.0015597 0.0051179 0.0056675 0.0030987 0.0017311 0.0021143 0.0070998 0.0013904 0.0020851 0.0009451 0.0009451 0.0018974 0.0028566 0.0019035 0.0048122 0.0028662 0.0036768 0.0028113 0.0037458 0.0028001 0.0066283 0.0079414 0.0079414 0.0037874 0.0156202 0.0156202 0.0047877 0.0000010 
KY426750|NA|turdus_merula|DE|2015-10-07                                                 0.0041475 0.0047554 0.0040481 0.0040493 0.0043487 0.0039471 0.0055673 0.0044510 0.0015638 0.0013673 0.0017608 0.0014649 0.0020554 0.0018583 0.0013674 0.0013668 0.0011691 0.0017587 0.0014654 0.0002915 0.0000000 0.0001942 0.0013667 0.0010715 0.0007786 0.0004863 0.0000970 0.0002913 0.0003886 0.0004859 0.0004860 0.0004860 0.0003886 0.0005835 0.0004861 0.0005836 0.0007786 0.0006808 0.0006816 0.0007783 0.0009737 0.0007783 0.0009742 0.0014645 0.0016614 0.0021538 0.0017597 0.0016612 0.0005834 0.0020573 0.0027494 0.0029483 0.0019576 0.0026508 0.0018589 0.0027498 0.0023526 0.0025510 0.0030482 0.0023504 0.0006809 0.0020564 0.0023531 0.0012676 0.0022545 0.0014647 0.0014646 0.0036548 0.0021537 0.0019766 0.0020060 0.0014477 0.0051212 0.0056712 0.0031004 0.0014409 0.0015824 0.0056476 0.0000010 0.0010384 0.0009451 0.0009451 0.0018974 0.0028566 0.0019035 0.0048122 0.0028662 0.0033341 0.0028113 0.0037458 0.0028001 0.0066283 0.0079414 0.0079414 0.0037874 0.0156202 0.0156202 0.0047877 0.0000010 
KY426752|NA|turdus_merula|DE|2015-08-18                                                 0.0041461 0.0047538 0.0040467 0.0040479 0.0043472 0.0039457 0.0055653 0.0044494 0.0015633 0.0013669 0.0017602 0.0014645 0.0020547 0.0018577 0.0013669 0.0013663 0.0011687 0.0017581 0.0014649 0.0002914 0.0001942 0.0000000 0.0013662 0.0010711 0.0007783 0.0004861 0.0000970 0.0002913 0.0003885 0.0004858 0.0004858 0.0004858 0.0003885 0.0005833 0.0004859 0.0005834 0.0007783 0.0006806 0.0006814 0.0007780 0.0009734 0.0007780 0.0009739 0.0014640 0.0016608 0.0021531 0.0017591 0.0016607 0.0005832 0.0020566 0.0027485 0.0029473 0.0019570 0.0026499 0.0018583 0.0027489 0.0023518 0.0025501 0.0030472 0.0023496 0.0006807 0.0020557 0.0023523 0.0012672 0.0022537 0.0014642 0.0014641 0.0036536 0.0021530 0.0019760 0.0020052 0.0014471 0.0049315 0.0054806 0.0029337 0.0014409 0.0015824 0.0056476 0.0000010 0.0010384 0.0009451 0.0009451 0.0018974 0.0028566 0.0019035 0.0048122 0.0028662 0.0033341 0.0028113 0.0037458 0.0028001 0.0066283 0.0079414 0.0079414 0.0037874 0.0156202 0.0156202 0.0047877 0.0000010 
OP555958|NA|turdus_merula|BE|2017-08-07                                                 0.0051548 0.0057684 0.0050548 0.0050563 0.0055606 0.0049528 0.0065870 0.0054611 0.0017604 0.0015636 0.0019577 0.0002912 0.0012666 0.0012665 0.0015637 0.0015630 0.0023506 0.0027461 0.0024516 0.0014648 0.0013667 0.0013662 0.0000000 0.0022523 0.0017596 0.0016620 0.0012671 0.0014643 0.0015624 0.0016607 0.0016608 0.0016608 0.0015625 0.0017597 0.0016613 0.0017598 0.0019567 0.0018576 0.0018597 0.0019559 0.0021534 0.0019559 0.0021546 0.0026482 0.0010710 0.0033440 0.0029462 0.0028469 0.0017592 0.0032477 0.0037456 0.0039461 0.0029476 0.0036464 0.0028481 0.0037462 0.0033456 0.0037455 0.0042478 0.0035419 0.0018578 0.0032463 0.0035459 0.0024507 0.0014647 0.0026486 0.0026484 0.0048628 0.0031445 0.0029763 0.0012933 0.0027986 0.0056813 0.0062325 0.0042612 0.0014392 0.0021182 0.0071355 0.0013970 0.0020928 0.0019034 0.0019034 0.0028662 0.0038359 0.0028756 0.0058168 0.0038490 0.0043522 0.0036263 0.0066319 0.0056655 0.0095819 0.0121240 0.0121240 0.0076970 0.0156202 0.0156202 0.0097696 0.0034541 
OP555957|NA|turdus_merula|BE|2017-07-24                                                 0.0050523 0.0056651 0.0049524 0.0049539 0.0052549 0.0048505 0.0064828 0.0053582 0.0024512 0.0022533 0.0026496 0.0023512 0.0027473 0.0025492 0.0022535 0.0022524 0.0004858 0.0010709 0.0023520 0.0011693 0.0010715 0.0010711 0.0022523 0.0000000 0.0014644 0.0013668 0.0009734 0.0011689 0.0012667 0.0013657 0.0013658 0.0013658 0.0012667 0.0014643 0.0013662 0.0014644 0.0016608 0.0015620 0.0015638 0.0016601 0.0018571 0.0016601 0.0010719 0.0021532 0.0025489 0.0030445 0.0026478 0.0025487 0.0014639 0.0011704 0.0036446 0.0038449 0.0028475 0.0035455 0.0027481 0.0036452 0.0032450 0.0034448 0.0037458 0.0032420 0.0015622 0.0029469 0.0032457 0.0021535 0.0031466 0.0021535 0.0021534 0.0045584 0.0014642 0.0012802 0.0027203 0.0024587 0.0054919 0.0060424 0.0034295 0.0017311 0.0021144 0.0071003 0.0013905 0.0020852 0.0018973 0.0018973 0.0028569 0.0038233 0.0028662 0.0057974 0.0038363 0.0053765 0.0040367 0.0047028 0.0056620 0.0076092 0.0120930 0.0120930 0.0000010 0.0156202 0.0156202 0.0000010 0.0022905 
KY426759|NA|turdus_merula|DE|2016-09-12                                                 0.0045495 0.0051597 0.0044499 0.0044512 0.0047514 0.0043485 0.0059743 0.0048542 0.0019576 0.0017604 0.0021552 0.0018582 0.0022528 0.0020554 0.0017606 0.0017598 0.0015623 0.0021528 0.0018588 0.0008762 0.0007786 0.0007783 0.0017596 0.0014644 0.0000000 0.0010721 0.0006808 0.0008759 0.0009735 0.0010713 0.0010714 0.0010714 0.0009736 0.0011695 0.0010716 0.0011696 0.0011696 0.0012670 0.0012684 0.0013659 0.0015624 0.0013659 0.0013669 0.0018579 0.0020552 0.0027473 0.0023514 0.0022525 0.0011692 0.0024529 0.0033460 0.0033465 0.0023528 0.0030481 0.0022537 0.0031475 0.0029473 0.0031466 0.0034468 0.0029445 0.0012672 0.0026498 0.0029479 0.0018581 0.0026503 0.0018581 0.0018580 0.0042570 0.0025492 0.0023756 0.0022439 0.0020087 0.0054945 0.0060453 0.0034310 0.0017308 0.0015824 0.0056476 0.0000010 0.0010384 0.0009451 0.0009451 0.0018974 0.0028566 0.0019035 0.0048122 0.0028662 0.0036726 0.0028120 0.0028002 0.0037458 0.0056627 0.0120930 0.0120930 0.0000010 0.0156202 0.0156202 0.0000010 0.0011400 
KJ438705|NA|culex_pipiens|DE|2010-07-14                                                 0.0044506 0.0050605 0.0043510 0.0043523 0.0046524 0.0042497 0.0058747 0.0047551 0.0018599 0.0016628 0.0020574 0.0017606 0.0023526 0.0021550 0.0016629 0.0016622 0.0014647 0.0020550 0.0017612 0.0005838 0.0004863 0.0004861 0.0016620 0.0013668 0.0010721 0.0000000 0.0003888 0.0005836 0.0006810 0.0007786 0.0007787 0.0007787 0.0006811 0.0008766 0.0007789 0.0008766 0.0010721 0.0009740 0.0009751 0.0010717 0.0012677 0.0010717 0.0012683 0.0017601 0.0019575 0.0024513 0.0020561 0.0019574 0.0008763 0.0023547 0.0030486 0.0032481 0.0022547 0.0029498 0.0021557 0.0030491 0.0026507 0.0026510 0.0033483 0.0026483 0.0009741 0.0023537 0.0026513 0.0015637 0.0025524 0.0017603 0.0017602 0.0037564 0.0024511 0.0022766 0.0022450 0.0017848 0.0051211 0.0056711 0.0031004 0.0014409 0.0015824 0.0056476 0.0000010 0.0010384 0.0009451 0.0009451 0.0018974 0.0028566 0.0019035 0.0048122 0.0028662 0.0040166 0.0036315 0.0056812 0.0047185 0.0086190 0.0121240 0.0121240 0.0076970 0.0213147 0.0213147 0.0097696 0.0011452 
KJ438706|NA|culex_pipiens|DE|2011-07-05                                                 0.0040457 0.0046528 0.0039464 0.0039476 0.0042467 0.0038455 0.0054637 0.0043488 0.0014650 0.0012678 0.0016618 0.0013663 0.0019561 0.0017592 0.0012678 0.0012673 0.0010709 0.0016598 0.0013667 0.0001942 0.0000970 0.0000970 0.0012671 0.0009734 0.0006808 0.0003888 0.0000000 0.0001941 0.0002912 0.0003885 0.0003885 0.0003885 0.0002913 0.0004859 0.0003886 0.0004860 0.0006808 0.0005831 0.0005838 0.0006805 0.0008757 0.0006805 0.0008762 0.0013659 0.0015625 0.0020544 0.0016607 0.0015624 0.0004858 0.0019579 0.0026492 0.0028479 0.0018584 0.0025507 0.0017598 0.0026497 0.0022529 0.0024510 0.0029477 0.0022508 0.0005832 0.0019570 0.0022534 0.0011692 0.0021549 0.0013661 0.0013660 0.0035534 0.0020543 0.0018764 0.0018863 0.0013352 0.0049315 0.0054806 0.0029337 0.0014409 0.0015824 0.0056476 0.0000010 0.0010384 0.0009451 0.0009451 0.0018974 0.0028566 0.0019035 0.0048122 0.0028662 0.0033341 0.0028113 0.0037458 0.0028001 0.0066283 0.0079414 0.0079414 0.0037874 0.0156202 0.0156202 0.0047877 0.0000010 
KJ438708|NA|culex_pipiens|DE|2011-08-08                                                 0.0042462 0.0048545 0.0041468 0.0041480 0.0044475 0.0040457 0.0056667 0.0045499 0.0016616 0.0014650 0.0018587 0.0015626 0.0021533 0.0019561 0.0014651 0.0014644 0.0012665 0.0018564 0.0015631 0.0003886 0.0002913 0.0002913 0.0014643 0.0011689 0.0008759 0.0005836 0.0001941 0.0000000 0.0004857 0.0005831 0.0005831 0.0005831 0.0004858 0.0006808 0.0005833 0.0006808 0.0008759 0.0007781 0.0007789 0.0008756 0.0010710 0.0008755 0.0010716 0.0015622 0.0017591 0.0022517 0.0018574 0.0017590 0.0006806 0.0021552 0.0028476 0.0030466 0.0020555 0.0027489 0.0019568 0.0028481 0.0024506 0.0026491 0.0031465 0.0024484 0.0007781 0.0021543 0.0024511 0.0013661 0.0023525 0.0015624 0.0015623 0.0037536 0.0022516 0.0020755 0.0021240 0.0015590 0.0053041 0.0058540 0.0032636 0.0020217 0.0026477 0.0085619 0.0027941 0.0031393 0.0028550 0.0028550 0.0038213 0.0047960 0.0038339 0.0067863 0.0048122 0.0033341 0.0028113 0.0037458 0.0028001 0.0066283 0.0079414 0.0079414 0.0037874 0.0156202 0.0156202 0.0047877 0.0000010 
KJ438713|NA|turdus_merula|DE|2011-08-30                                                 0.0043465 0.0049552 0.0042470 0.0042483 0.0045479 0.0041458 0.0057681 0.0046504 0.0017599 0.0015632 0.0019571 0.0016608 0.0022519 0.0020546 0.0015633 0.0015626 0.0013654 0.0019548 0.0016614 0.0004859 0.0003886 0.0003885 0.0015624 0.0012667 0.0009735 0.0006810 0.0002912 0.0004857 0.0000000 0.0006805 0.0006805 0.0006805 0.0005831 0.0007783 0.0006807 0.0007783 0.0009735 0.0008756 0.0008766 0.0009731 0.0011688 0.0009731 0.0011694 0.0016604 0.0018575 0.0023504 0.0019558 0.0018573 0.0005832 0.0022539 0.0029468 0.0031459 0.0021541 0.0028481 0.0018583 0.0029473 0.0025495 0.0027481 0.0032460 0.0025472 0.0008757 0.0022530 0.0025500 0.0014642 0.0024514 0.0016606 0.0016605 0.0038537 0.0023503 0.0021750 0.0022429 0.0016710 0.0051173 0.0056669 0.0030984 0.0017308 0.0015824 0.0056476 0.0000010 0.0010384 0.0009451 0.0009451 0.0018974 0.0028566 0.0019035 0.0048122 0.0028662 0.0040111 0.0036254 0.0047002 0.0037477 0.0076048 0.0079414 0.0079414 0.0037874 0.0156202 0.0156202 0.0047877 0.0011407 
KJ859683|BAT2USUTU-BNI|pipistrellus_pipistrellus|DE|2013-10-05                          0.0044470 0.0050564 0.0043475 0.0043488 0.0046487 0.0042462 0.0058699 0.0047513 0.0018584 0.0016615 0.0020558 0.0017592 0.0023508 0.0021533 0.0016616 0.0016609 0.0014635 0.0020533 0.0017598 0.0005833 0.0004859 0.0004858 0.0016607 0.0013657 0.0010713 0.0007786 0.0003885 0.0005831 0.0006805 0.0000000 0.0007781 0.0007781 0.0006805 0.0008759 0.0007783 0.0008759 0.0010713 0.0009733 0.0005838 0.0010709 0.0012666 0.0010709 0.0012673 0.0017587 0.0019560 0.0024493 0.0020544 0.0019558 0.0008757 0.0023529 0.0030462 0.0032455 0.0022529 0.0029475 0.0021540 0.0030467 0.0026487 0.0028474 0.0033457 0.0026462 0.0009734 0.0023519 0.0026492 0.0015624 0.0025504 0.0017589 0.0017588 0.0039541 0.0024492 0.0022748 0.0023620 0.0017832 0.0053046 0.0058547 0.0032639 0.0017311 0.0015824 0.0056476 0.0000010 0.0010384 0.0009451 0.0009451 0.0018974 0.0028566 0.0019035 0.0048122 0.0028662 0.0040103 0.0036246 0.0037458 0.0028001 0.0066283 0.0079414 0.0079414 0.0037874 0.0156202 0.0156202 0.0047877 0.0000010 
KJ438716|NA|culex_pipiens|DE|2012-07-09                                                 0.0044473 0.0050567 0.0043478 0.0043491 0.0046490 0.0042465 0.0058703 0.0047516 0.0018586 0.0016616 0.0020559 0.0017593 0.0023509 0.0021534 0.0016617 0.0016610 0.0014636 0.0020535 0.0017599 0.0005834 0.0004860 0.0004858 0.0016608 0.0013658 0.0010714 0.0007787 0.0003885 0.0005831 0.0006805 0.0007781 0.0000000 0.0000010 0.0006806 0.0008759 0.0007783 0.0008760 0.0010713 0.0009733 0.0009744 0.0010709 0.0012667 0.0010709 0.0012674 0.0017588 0.0019561 0.0024495 0.0020546 0.0019560 0.0008757 0.0023530 0.0030464 0.0032457 0.0022531 0.0029476 0.0021542 0.0030469 0.0026488 0.0028476 0.0033459 0.0026463 0.0009734 0.0021543 0.0024511 0.0015625 0.0025506 0.0017590 0.0017589 0.0039544 0.0024493 0.0022750 0.0021240 0.0016712 0.0049315 0.0054806 0.0030987 0.0014409 0.0015824 0.0056476 0.0000010 0.0010384 0.0009451 0.0009451 0.0018974 0.0028566 0.0019035 0.0048122 0.0028662 0.0036725 0.0032181 0.0047002 0.0037477 0.0076048 0.0079414 0.0079414 0.0037874 0.0156202 0.0156202 0.0047877 0.0011407 
KJ438717|NA|turdus_merula|DE|2012-08-23                                                 0.0044473 0.0050567 0.0043478 0.0043491 0.0046490 0.0042465 0.0058703 0.0047516 0.0018586 0.0016616 0.0020559 0.0017593 0.0023509 0.0021534 0.0016617 0.0016610 0.0014636 0.0020535 0.0017599 0.0005834 0.0004860 0.0004858 0.0016608 0.0013658 0.0010714 0.0007787 0.0003885 0.0005831 0.0006805 0.0007781 0.0000010 0.0000000 0.0006806 0.0008759 0.0007783 0.0008760 0.0010713 0.0009733 0.0009744 0.0010709 0.0012667 0.0010709 0.0012674 0.0017588 0.0019561 0.0024495 0.0020546 0.0019560 0.0008757 0.0023530 0.0030464 0.0032457 0.0022531 0.0029476 0.0021542 0.0030469 0.0026488 0.0028476 0.0033459 0.0026463 0.0009734 0.0021543 0.0024511 0.0015625 0.0025506 0.0017590 0.0017589 0.0039544 0.0024493 0.0022750 0.0021240 0.0016712 0.0049315 0.0054806 0.0030987 0.0014409 0.0015824 0.0056476 0.0000010 0.0010384 0.0009451 0.0009451 0.0018974 0.0028566 0.0019035 0.0048122 0.0028662 0.0036725 0.0032181 0.0047002 0.0037477 0.0076048 0.0079414 0.0079414 0.0037874 0.0156202 0.0156202 0.0047877 0.0011407 
KJ438720|NA|turdus_merula|DE|2011-09-29                                                 0.0043467 0.0049555 0.0042472 0.0042485 0.0045482 0.0041461 0.0057684 0.0046507 0.0017600 0.0015633 0.0019573 0.0016609 0.0022521 0.0020547 0.0015634 0.0015626 0.0013655 0.0019549 0.0016615 0.0004860 0.0003886 0.0003885 0.0015625 0.0012667 0.0009736 0.0006811 0.0002913 0.0004858 0.0005831 0.0006805 0.0006806 0.0006806 0.0000000 0.0007783 0.0006808 0.0007784 0.0009736 0.0008756 0.0008766 0.0009732 0.0011688 0.0009732 0.0011695 0.0016604 0.0018576 0.0023506 0.0019559 0.0018574 0.0007781 0.0022541 0.0029469 0.0031461 0.0021543 0.0028482 0.0020554 0.0029474 0.0025497 0.0027483 0.0032462 0.0025473 0.0008757 0.0022531 0.0025502 0.0014643 0.0024515 0.0016607 0.0016606 0.0038539 0.0023504 0.0021752 0.0022430 0.0015591 0.0051174 0.0056669 0.0032636 0.0017308 0.0021137 0.0056476 0.0000010 0.0010384 0.0009451 0.0009451 0.0018974 0.0028566 0.0019035 0.0048122 0.0028662 0.0036725 0.0032181 0.0037458 0.0028001 0.0066283 0.0079414 0.0079414 0.0037874 0.0156202 0.0156202 0.0047877 0.0000010 
KJ438724|NA|turdus_merula|DE|2011-09-19                                                 0.0045492 0.0051594 0.0043490 0.0044510 0.0047511 0.0043482 0.0059739 0.0048539 0.0019577 0.0017605 0.0021553 0.0018583 0.0024505 0.0022528 0.0017607 0.0017598 0.0015622 0.0021527 0.0018589 0.0006810 0.0005835 0.0005833 0.0017597 0.0014643 0.0011695 0.0008766 0.0004859 0.0006808 0.0007783 0.0008759 0.0008759 0.0008759 0.0007783 0.0000000 0.0008762 0.0009740 0.0011695 0.0010713 0.0010726 0.0011690 0.0013661 0.0011690 0.0013668 0.0018578 0.0020553 0.0025492 0.0021538 0.0020551 0.0009736 0.0024527 0.0031468 0.0033463 0.0023526 0.0030479 0.0022536 0.0031473 0.0027488 0.0029477 0.0034466 0.0027462 0.0010715 0.0024517 0.0027493 0.0016613 0.0026505 0.0018580 0.0018579 0.0040560 0.0025490 0.0023755 0.0024823 0.0017840 0.0054911 0.0060415 0.0035968 0.0020217 0.0015824 0.0056476 0.0000010 0.0010384 0.0009451 0.0009451 0.0018974 0.0028566 0.0019035 0.0048122 0.0028662 0.0033341 0.0028113 0.0037458 0.0028001 0.0066283 0.0079414 0.0079414 0.0037874 0.0156202 0.0156202 0.0047877 0.0000010 
KJ438722|NA|turdus_merula|DE|2012-08-23                                                 0.0044485 0.0050581 0.0043490 0.0043503 0.0046503 0.0042477 0.0058719 0.0047529 0.0018591 0.0016621 0.0020565 0.0017598 0.0023516 0.0021540 0.0016622 0.0016614 0.0014640 0.0020540 0.0017604 0.0005835 0.0004861 0.0004859 0.0016613 0.0013662 0.0010716 0.0007789 0.0003886 0.0005833 0.0006807 0.0007783 0.0007783 0.0007783 0.0006808 0.0008762 0.0000000 0.0008762 0.0010716 0.0009736 0.0009747 0.0010712 0.0012671 0.0010712 0.0012678 0.0017593 0.0019566 0.0024502 0.0020551 0.0019565 0.0008759 0.0023537 0.0030472 0.0032466 0.0022537 0.0029484 0.0021548 0.0030477 0.0026495 0.0028484 0.0033468 0.0026471 0.0009737 0.0023527 0.0026500 0.0015630 0.0025513 0.0017595 0.0017594 0.0039555 0.0024500 0.0022756 0.0022439 0.0017839 0.0051173 0.0056669 0.0032636 0.0017308 0.0015824 0.0056476 0.0000010 0.0010384 0.0009451 0.0009451 0.0018974 0.0028566 0.0019035 0.0048122 0.0028662 0.0040157 0.0036305 0.0037458 0.0028001 0.0066283 0.0079414 0.0079414 0.0037874 0.0156202 0.0156202 0.0047877 0.0000010 
KJ438736|NA|culex_sp|DE|2012-09-01                                                      0.0045495 0.0051597 0.0044499 0.0044512 0.0047514 0.0043485 0.0059743 0.0048542 0.0019578 0.0017606 0.0021554 0.0018584 0.0024507 0.0022530 0.0017608 0.0017600 0.0015623 0.0021528 0.0018590 0.0006811 0.0005836 0.0005834 0.0017598 0.0014644 0.0011696 0.0008766 0.0004860 0.0006808 0.0007783 0.0008759 0.0008760 0.0008760 0.0007784 0.0009740 0.0008762 0.0000000 0.0011696 0.0010714 0.0010726 0.0011691 0.0013662 0.0011691 0.0013669 0.0018579 0.0020554 0.0025493 0.0021540 0.0020553 0.0009737 0.0024529 0.0031470 0.0033465 0.0023528 0.0030481 0.0022537 0.0031475 0.0027489 0.0029479 0.0034468 0.0027464 0.0010715 0.0024518 0.0027495 0.0016614 0.0026506 0.0018581 0.0018580 0.0040562 0.0025492 0.0022758 0.0023633 0.0016719 0.0051179 0.0056675 0.0030987 0.0017311 0.0015824 0.0056476 0.0000010 0.0010384 0.0009451 0.0009451 0.0018974 0.0028566 0.0019035 0.0048122 0.0028662 0.0043564 0.0032226 0.0047156 0.0037599 0.0076304 0.0079414 0.0079414 0.0037874 0.0156202 0.0156202 0.0047877 0.0011451 
KJ438739|NA|turdus_merula|DE|2013-09-10                                                 0.0047506 0.0053619 0.0046509 0.0046523 0.0049528 0.0045493 0.0061777 0.0050558 0.0021550 0.0019576 0.0023530 0.0020554 0.0026485 0.0024505 0.0019577 0.0019568 0.0017588 0.0023501 0.0020561 0.0008762 0.0007786 0.0007783 0.0019567 0.0016608 0.0011696 0.0010721 0.0006808 0.0008759 0.0009735 0.0010713 0.0010713 0.0010713 0.0009736 0.0011695 0.0010716 0.0011696 0.0000000 0.0012670 0.0012684 0.0013659 0.0015624 0.0013659 0.0015633 0.0020548 0.0022527 0.0027473 0.0023514 0.0022525 0.0011692 0.0026509 0.0033460 0.0035458 0.0025505 0.0032470 0.0024514 0.0033465 0.0029473 0.0031466 0.0036463 0.0029445 0.0012671 0.0026498 0.0029479 0.0018581 0.0028489 0.0020551 0.0020550 0.0042570 0.0027471 0.0025753 0.0027211 0.0021211 0.0058683 0.0064199 0.0037620 0.0023124 0.0021137 0.0056476 0.0000010 0.0010384 0.0018962 0.0018962 0.0028553 0.0038211 0.0028646 0.0057941 0.0038341 0.0040119 0.0036263 0.0056622 0.0047029 0.0085894 0.0079414 0.0079414 0.0037874 0.0156202 0.0156202 0.0047877 0.0022920 
