node1,node2,length,startLat,startLon,endLat,endLon,endNodeL,startNodeL,startYear,endYear,treeID
142,170,1.450773329225,46.2152723091093,13.5884316996911,45.3185488794008,14.3516829966579,1.450773329225,0,1995.55008148583,1997.00085481505,30510000
142,143,0.5137343786757,46.2152723091093,13.5884316996911,47.2288051793325,12.7977186197583,0.5137343786757,0,1995.55008148583,1996.0638158645,30510000
143,144,6.00268179301,47.2288051793325,12.7977186197583,47.5844319256707,10.7709931146402,6.5164161716857,0.5137343786757,1996.0638158645,2002.06649765751,30510000
143,156,3.130563551486,47.2288051793325,12.7977186197583,48.9307957111055,14.8031107154564,3.6442979301617,0.5137343786757,1996.0638158645,1999.19437941599,30510000
144,155,7.893831697402,47.5844319256707,10.7709931146402,50.7711833881916,9.79664006510668,14.4102478690877,6.5164161716857,2002.06649765751,2009.96032935491,30510000
144,145,1.232671663462,47.5844319256707,10.7709931146402,47.2202992044632,11.2453149544819,7.7490878351477,6.5164161716857,2002.06649765751,2003.29916932097,30510000
145,146,4.035786814654,47.2202992044632,11.2453149544819,45.6288873562712,10.0135435561827,11.7848746498017,7.7490878351477,2003.29916932097,2007.33495613563,30510000
145,150,0.2814475277131,47.2202992044632,11.2453149544819,47.2685058866077,11.046851441933,8.0305353628608,7.7490878351477,2003.29916932097,2003.58061684869,30510000
146,5,3.232167152042,45.6288873562712,10.0135435561827,44.7030966,10.6346153,15.0170418018437,11.7848746498017,2007.33495613563,2010.56712328767,30510000
146,147,7.382801932447,45.6288873562712,10.0135435561827,47.3501233593333,8.77005522328788,19.1676765822487,11.7848746498017,2007.33495613563,2014.71775806808,30510000
147,4,4.116568235389,47.3501233593333,8.77005522328788,47.9990077,7.8421043,23.2842448176377,19.1676765822487,2014.71775806808,2018.83432630346,30510000
147,148,0.8560325118581,47.3501233593333,8.77005522328788,47.7185576436404,8.76469555946959,20.0237090941068,19.1676765822487,2014.71775806808,2015.57379057993,30510000
148,1,2.361712100595,47.7185576436404,8.76469555946959,46.818188,8.227512,22.3854211947018,20.0237090941068,2015.57379057993,2017.93550268053,30510000
148,149,0.4666045387852,47.7185576436404,8.76469555946959,46.6731688242616,8.68895242800511,20.490313632892,20.0237090941068,2015.57379057993,2016.04039511872,30510000
149,3,0.7027742801881,46.6731688242616,8.68895242800511,46.331734,8.8004529,21.1930879130801,20.490313632892,2016.04039511872,2016.74316939891,30510000
149,2,2.411633921836,46.6731688242616,8.68895242800511,46.818188,8.227512,22.901947554728,20.490313632892,2016.04039511872,2018.45202904055,30510000
150,151,14.42906585322,47.2685058866077,11.046851441933,49.3543846412889,11.1382431751684,22.4596012160808,8.0305353628608,2003.58061684869,2018.00968270191,30510000
150,152,1.962757394843,47.2685058866077,11.046851441933,48.3817235906399,10.7119603278513,9.9932927577038,8.0305353628608,2003.58061684869,2005.54337424353,30510000
151,6,3.442372092615,49.3543846412889,11.1382431751684,49.817492,15.472962,25.9019733086958,22.4596012160808,2018.00968270191,2021.45205479452,30510000
151,7,0.7634919145012,49.3543846412889,11.1382431751684,49.445396,11.1404522,23.223093130582,22.4596012160808,2018.00968270191,2018.77317461641,30510000
152,11,3.97169424962,48.3817235906399,10.7119603278513,44.494887,11.3426163,13.9649870073238,9.9932927577038,2005.54337424353,2009.51506849315,30510000
152,153,7.175205741463,48.3817235906399,10.7119603278513,50.6386324952564,9.58696655234982,17.1684984991668,9.9932927577038,2005.54337424353,2012.71857998499,30510000
153,8,5.474628203643,50.6386324952564,9.58696655234982,50.1431461,9.1438073,22.6431267028098,17.1684984991668,2012.71857998499,2018.19320818864,30510000
153,154,1.897610211431,50.6386324952564,9.58696655234982,50.8704679994942,10.249519244202,19.0661087105978,17.1684984991668,2012.71857998499,2014.61619019642,30510000
154,9,2.287667085167,50.8704679994942,10.249519244202,51.165691,10.451526,21.3537757957648,19.0661087105978,2014.61619019642,2016.90385728159,30510000
154,10,3.602263923911,50.8704679994942,10.249519244202,53.5252333,10.3153293,22.6683726345088,19.0661087105978,2014.61619019642,2018.21845412034,30510000
155,12,1.272298385196,50.7711833881916,9.79664006510668,51.165691,10.451526,15.6825462542837,14.4102478690877,2009.96032935491,2011.23262774011,30510000
155,13,8.753362549483,50.7711833881916,9.79664006510668,50.560234,4.6917821,23.1636104185707,14.4102478690877,2009.96032935491,2018.7136919044,30510000
156,159,0.7381200530484,48.9307957111055,14.8031107154564,48.3727742450579,15.609309029198,4.3824179832101,3.6442979301617,1999.19437941599,1999.93249946904,30510000
156,157,0.7965836903222,48.9307957111055,14.8031107154564,48.613938809556,15.4234014038577,4.4408816204839,3.6442979301617,1999.19437941599,1999.99096310631,30510000
157,16,1.923837691317,48.613938809556,15.4234014038577,47.516231,14.550072,6.3647193118009,4.4408816204839,1999.99096310631,2001.91480079763,30510000
157,158,2.411306084242,48.613938809556,15.4234014038577,48.5091507829526,16.5850884290238,6.8521877047259,4.4408816204839,1999.99096310631,2002.40226919055,30510000
158,15,0.2552650560225,48.5091507829526,16.5850884290238,48.00214,16.23091,7.1074527607484,6.8521877047259,2002.40226919055,2002.65753424658,30510000
158,14,1.10853576845,48.5091507829526,16.5850884290238,48.3162908,16.6361849,7.9607234731759,6.8521877047259,2002.40226919055,2003.510804959,30510000
159,160,1.314117296928,48.3727742450579,15.609309029198,47.7502427707728,16.656020488893,5.6965352801381,4.3824179832101,1999.93249946904,2001.24661676596,30510000
159,169,4.625152017318,48.3727742450579,15.609309029198,48.0728939512681,16.3845957297605,9.0075700005281,4.3824179832101,1999.93249946904,2004.55765148635,30510000
160,164,0.9094954490277,47.7502427707728,16.656020488893,47.6073778045529,16.9269763960662,6.6060307291658,5.6965352801381,2001.24661676596,2002.15611221499,30510000
160,161,1.980131901651,47.7502427707728,16.656020488893,46.2604120075706,17.7884783770751,7.6766671817891,5.6965352801381,2001.24661676596,2003.22674866762,30510000
161,17,2.677734695326,46.2604120075706,17.7884783770751,47.497912,19.040235,10.3544018771151,7.6766671817891,2003.22674866762,2005.90448336294,30510000
161,162,2.471603202874,46.2604120075706,17.7884783770751,47.8874749020889,18.6614981552127,10.1482703846631,7.6766671817891,2003.22674866762,2005.69835187049,30510000
162,18,6.060552239099,47.8874749020889,18.6614981552127,47.7841803,19.1351781,16.2088226237621,10.1482703846631,2005.69835187049,2011.75890410959,30510000
162,163,1.605065399607,47.8874749020889,18.6614981552127,47.9670146601692,18.1194083024202,11.7533357842701,10.1482703846631,2005.69835187049,2007.3034172701,30510000
163,20,8.513021086067,47.9670146601692,18.1194083024202,47.8439484,22.3567615,20.2663568703371,11.7533357842701,2007.3034172701,2015.81643835616,30510000
163,19,3.367815606615,47.9670146601692,18.1194083024202,46.956503,19.2880496,15.1211513908851,11.7533357842701,2007.3034172701,2010.67123287671,30510000
164,165,0.3376270278466,47.6073778045529,16.9269763960662,47.363789432355,16.7543092398573,6.9436577570124,6.6060307291658,2002.15611221499,2002.49373924284,30510000
164,26,12.45881530297,47.6073778045529,16.9269763960662,45.2052775,20.294612,19.0648460321358,6.6060307291658,2002.15611221499,2014.61492751796,30510000
165,21,2.188582902463,47.363789432355,16.7543092398573,48.0296979,14.7108083,9.1322406594754,6.9436577570124,2002.49373924284,2004.6823221453,30510000
165,166,8.676772907402,47.363789432355,16.7543092398573,50.0022514332372,15.477939157861,15.6204306644144,6.9436577570124,2002.49373924284,2011.17051215024,30510000
166,167,5.824444227223,50.0022514332372,15.477939157861,48.8124866440611,16.6675499419178,21.4448748916374,15.6204306644144,2011.17051215024,2016.99495637746,30510000
166,25,0.2240083977027,50.0022514332372,15.477939157861,49.817492,15.472962,15.8444390621171,15.6204306644144,2011.17051215024,2011.39452054794,30510000
167,22,1.511892937603,48.8124866440611,16.6675499419178,49.1950602,16.6068371,22.9567678292404,21.4448748916374,2016.99495637746,2018.50684931507,30510000
167,168,0.2269765039316,48.8124866440611,16.6675499419178,49.0479163485842,16.6359929411147,21.671851395569,21.4448748916374,2016.99495637746,2017.2219328814,30510000
168,23,0.282176707644,49.0479163485842,16.6359929411147,49.1950602,16.6068371,21.954028103213,21.671851395569,2017.2219328814,2017.50410958904,30510000
168,24,0.3780671186029,49.0479163485842,16.6359929411147,49.1950602,16.6068371,22.0499185141719,21.671851395569,2017.2219328814,2017.6,30510000
169,28,9.039608787617,48.0728939512681,16.3845957297605,49.817492,15.472962,18.0471787881451,9.0075700005281,2004.55765148635,2013.59726027397,30510000
169,27,0.6134430346983,48.0728939512681,16.3845957297605,48.2080696,16.3713095,9.6210130352264,9.0075700005281,2004.55765148635,2005.17109452105,30510000
170,171,3.970165204044,45.3185488794008,14.3516829966579,45.4367298403956,12.3041068877433,5.420938533269,1.450773329225,1997.00085481505,2000.9710200191,30510000
170,176,1.937449242361,45.3185488794008,14.3516829966579,45.192612596977,13.8171023774546,3.388222571586,1.450773329225,1997.00085481505,1998.93830405741,30510000
171,29,7.082239261929,45.4367298403956,12.3041068877433,44.647128,10.9252269,12.503177795198,5.420938533269,2000.9710200191,2008.05325928102,30510000
171,172,3.889350740169,45.4367298403956,12.3041068877433,44.4292142498838,11.7370524240707,9.310289273438,5.420938533269,2000.9710200191,2004.86037075926,30510000
172,175,0.8537456511678,44.4292142498838,11.7370524240707,44.7478858025817,12.8119462085539,10.1640349246058,9.310289273438,2004.86037075926,2005.71411641043,30510000
172,173,2.722964210971,44.4292142498838,11.7370524240707,44.7684082087169,12.1784848266059,12.033253484409,9.310289273438,2004.86037075926,2007.58333497024,30510000
173,32,2.00694804039,44.7684082087169,12.1784848266059,44.647128,10.9252269,14.040201524799,12.033253484409,2007.58333497024,2009.59028301063,30510000
173,174,2.827671387111,44.7684082087169,12.1784848266059,44.7328624972152,11.7952277529768,14.86092487152,12.033253484409,2007.58333497024,2010.41100635735,30510000
174,31,0.2218703549827,44.7328624972152,11.7952277529768,44.494887,11.3426163,15.0827952265027,14.86092487152,2010.41100635735,2010.63287671233,30510000
174,30,0.7047042082406,44.7328624972152,11.7952277529768,44.83925,11.6175537,15.5656290797606,14.86092487152,2010.41100635735,2011.11571056559,30510000
175,34,5.107801397787,44.7478858025817,12.8119462085539,44.0565776,12.5713325,15.2718363223928,10.1640349246058,2005.71411641043,2010.82191780822,30510000
175,33,4.968075370389,44.7478858025817,12.8119462085539,44.647128,10.9252269,15.1321102949948,10.1640349246058,2005.71411641043,2010.68219178082,30510000
176,35,10.84525758642,45.192612596977,13.8171023774546,45.6669338,12.2430608,14.233480158006,3.388222571586,1998.93830405741,2009.78356164383,30510000
176,177,4.237519388874,45.192612596977,13.8171023774546,45.193648989873,12.4752738151445,7.62574196046,3.388222571586,1998.93830405741,2003.17582344629,30510000
177,276,4.70491069645,45.193648989873,12.4752738151445,44.3806828130695,11.9369595003969,12.33065265691,7.62574196046,2003.17582344629,2007.88073414274,30510000
177,178,4.051238780995,45.193648989873,12.4752738151445,44.0432511893649,13.3331085347779,11.676980741455,7.62574196046,2003.17582344629,2007.22706222728,30510000
178,179,1.757588874423,44.0432511893649,13.3331085347779,44.5677511715846,13.2504400884795,13.434569615878,11.676980741455,2007.22706222728,2008.9846511017,30510000
178,180,0.9751805977611,44.0432511893649,13.3331085347779,42.8512976100639,12.9529155662773,12.6521613392161,11.676980741455,2007.22706222728,2008.20224282504,30510000
179,36,4.112827860072,44.5677511715846,13.2504400884795,44.9802679,11.9787016,17.54739747595,13.434569615878,2008.9846511017,2013.09747896178,30510000
179,37,1.491802180021,44.5677511715846,13.2504400884795,43.6071395,13.5101741,14.926371795899,13.434569615878,2008.9846511017,2010.47645328173,30510000
180,181,0.3734478762236,42.8512976100639,12.9529155662773,43.0438830993282,12.7476938615496,13.0256092154397,12.6521613392161,2008.20224282504,2008.57569070127,30510000
180,275,9.883234932206,42.8512976100639,12.9529155662773,42.9771276916638,14.3438835457809,22.5353962714221,12.6521613392161,2008.20224282504,2018.08547775725,30510000
181,182,0.3633153301348,43.0438830993282,12.7476938615496,42.9787476886508,12.6950198977129,13.3889245455745,13.0256092154397,2008.57569070127,2008.9390060314,30510000
181,38,2.081318119689,43.0438830993282,12.7476938615496,41.87194,12.56738,15.1069273351287,13.0256092154397,2008.57569070127,2010.65700882096,30510000
182,183,0.3269933778312,42.9787476886508,12.6950198977129,43.4605209888659,12.9800804350438,13.7159179234057,13.3889245455745,2008.9390060314,2009.26599940923,30510000
182,271,1.057835719795,42.9787476886508,12.6950198977129,42.206829289916,12.2004619467226,14.4467602653695,13.3889245455745,2008.9390060314,2009.9968417512,30510000
183,184,0.1835823007618,43.4605209888659,12.9800804350438,43.9189294083101,12.8507354156096,13.8995002241675,13.7159179234057,2009.26599940923,2009.44958170999,30510000
183,39,3.583590275679,43.4605209888659,12.9800804350438,44.6788747,11.0411597,17.2995081990847,13.7159179234057,2009.26599940923,2012.84958968491,30510000
184,206,0.0138045190892,43.9189294083101,12.8507354156096,43.8749037822382,12.942030600154,13.9133047432567,13.8995002241675,2009.44958170999,2009.46338622908,30510000
184,185,0.3896062863145,43.9189294083101,12.8507354156096,43.7346075806525,12.445584075895,14.289106510482,13.8995002241675,2009.44958170999,2009.83918799631,30510000
185,186,0.2743191171778,43.7346075806525,12.445584075895,43.917730530188,11.9868454224492,14.5634256276598,14.289106510482,2009.83918799631,2010.11350711349,30510000
185,199,1.846895959024,43.7346075806525,12.445584075895,43.6481963760866,12.3125926172468,16.136002469506,14.289106510482,2009.83918799631,2011.68608395533,30510000
186,189,0.05990011561635,43.917730530188,11.9868454224492,43.8859228579676,12.3680644091954,14.6233257432761,14.5634256276598,2010.11350711349,2010.1734072291,30510000
186,187,0.1936035624652,43.917730530188,11.9868454224492,43.8806893202131,12.0221328258475,14.757029190125,14.5634256276598,2010.11350711349,2010.30711067595,30510000
187,40,4.246313981582,43.8806893202131,12.0221328258475,45.0748447,11.7850885,19.003343171707,14.757029190125,2010.30711067595,2014.55342465753,30510000
187,188,0.1290615108718,43.8806893202131,12.0221328258475,43.5839436941805,12.2878936027633,14.8860907009968,14.757029190125,2010.30711067595,2010.43617218682,30510000
188,41,1.140165425524,43.5839436941805,12.2878936027633,41.87194,12.56738,16.0262561265208,14.8860907009968,2010.43617218682,2011.57633761235,30510000
188,42,1.250818937553,43.5839436941805,12.2878936027633,41.87194,12.56738,16.1369096385498,14.8860907009968,2010.43617218682,2011.68699112438,30510000
189,43,1.547140716102,43.8859228579676,12.3680644091954,45.4383659,10.9917136,16.1704664593782,14.6233257432761,2010.1734072291,2011.7205479452,30510000
189,190,0.5401085046167,43.8859228579676,12.3680644091954,44.752955976451,12.1519004027619,15.1634342478928,14.6233257432761,2010.1734072291,2010.71351573372,30510000
190,194,0.1447197562236,44.752955976451,12.1519004027619,44.9490733849846,11.72199638808,15.3081540041164,15.1634342478928,2010.71351573372,2010.85823548994,30510000
190,191,1.458975496229,44.752955976451,12.1519004027619,45.1574093279721,11.7986513801697,16.6224097441218,15.1634342478928,2010.71351573372,2012.17249122995,30510000
191,193,0.6403890582243,45.1574093279721,11.7986513801697,45.2526277567374,11.7036729750316,17.2627988023462,16.6224097441218,2012.17249122995,2012.81288028817,30510000
191,192,0.2306783130793,45.1574093279721,11.7986513801697,44.9066244737349,11.8093376374066,16.8530880572012,16.6224097441218,2012.17249122995,2012.40316954303,30510000
192,44,0.1569397465886,44.9066244737349,11.8093376374066,45.0748447,11.7850885,17.0100278037898,16.8530880572012,2012.40316954303,2012.56010928962,30510000
192,45,1.174912648752,44.9066244737349,11.8093376374066,45.4383659,10.9917136,18.0280007059532,16.8530880572012,2012.40316954303,2013.57808219178,30510000
193,47,0.8638320405932,45.2526277567374,11.7036729750316,45.5461815,11.5413779,18.1266308429393,17.2627988023462,2012.81288028817,2013.67671232877,30510000
193,46,1.855612862511,45.2526277567374,11.7036729750316,45.4383659,10.9917136,19.1184116648571,17.2627988023462,2012.81288028817,2014.66849315068,30510000
194,195,1.366977304228,44.9490733849846,11.72199638808,44.5049466987142,11.9492089161565,16.6751313083445,15.3081540041164,2010.85823548994,2012.22521279417,30510000
194,48,0.8020384826587,44.9490733849846,11.72199638808,45.4383659,10.9917136,16.1101924867752,15.3081540041164,2010.85823548994,2011.6602739726,30510000
195,49,0.4141314681232,44.5049466987142,11.9492089161565,45.5461815,11.5413779,17.0892627764676,16.6751313083445,2012.22521279417,2012.63934426229,30510000
195,196,1.923123105772,44.5049466987142,11.9492089161565,45.6275283006943,10.3644456912277,18.5982544141165,16.6751313083445,2012.22521279417,2014.14833589994,30510000
196,50,1.405088757591,45.6275283006943,10.3644456912277,45.4383659,10.9917136,20.0033431717074,18.5982544141165,2014.14833589994,2015.55342465753,30510000
196,197,1.126595300476,45.6275283006943,10.3644456912277,45.3762907659841,11.5462765873244,19.7248497145925,18.5982544141165,2014.14833589994,2015.27493120042,30510000
197,53,5.33162617663,45.3762907659841,11.5462765873244,45.4105029,11.8782071,25.0564758912225,19.7248497145925,2015.27493120042,2020.60655737705,30510000
197,198,0.241792158605,45.3762907659841,11.5462765873244,45.3560293079923,11.2005950167602,19.9666418731974,19.7248497145925,2015.27493120042,2015.51672335902,30510000
198,51,1.185462433325,45.3560293079923,11.2005950167602,45.4383659,10.9917136,21.1521043065224,19.9666418731974,2015.51672335902,2016.70218579235,30510000
198,52,2.105194449195,45.3560293079923,11.2005950167602,45.4383659,10.9917136,22.0718363223924,19.9666418731974,2015.51672335902,2017.62191780822,30510000
199,200,2.133991299959,43.6481963760866,12.3125926172468,43.3645232794525,12.2992953079327,18.269993769465,16.136002469506,2011.68608395533,2013.82007525529,30510000
199,204,5.167827944642,43.6481963760866,12.3125926172468,42.0570375074076,14.1259710344408,21.303830414148,16.136002469506,2011.68608395533,2016.85391189997,30510000
200,201,1.373927268448,43.3645232794525,12.2992953079327,42.9439828034792,11.0744376753085,19.643921037913,18.269993769465,2013.82007525529,2015.19400252374,30510000
200,54,3.271851938442,43.3645232794525,12.2992953079327,41.87194,12.56738,21.541845707907,18.269993769465,2013.82007525529,2017.09192719373,30510000
201,202,3.696512409456,42.9439828034792,11.0744376753085,43.9160839254293,11.980033048661,23.340433447369,19.643921037913,2015.19400252374,2018.8905149332,30510000
201,55,8.504627613245,42.9439828034792,11.0744376753085,42.938004,12.6216211,28.148548651158,19.643921037913,2015.19400252374,2023.69863013698,30510000
202,58,2.794416573652,43.9160839254293,11.980033048661,44.0565776,12.5713325,26.134850021021,23.340433447369,2018.8905149332,2021.68493150685,30510000
202,203,1.061605489344,43.9160839254293,11.980033048661,43.3968414917092,13.4918937969697,24.402038936713,23.340433447369,2018.8905149332,2019.95212042254,30510000
203,57,3.631441221294,43.3968414917092,13.4918937969697,43.462735,13.3587288,28.033480158007,24.402038936713,2019.95212042254,2023.58356164383,30510000
203,56,2.562948070609,43.3968414917092,13.4918937969697,43.462735,13.3587288,26.964987007322,24.402038936713,2019.95212042254,2022.51506849315,30510000
204,61,4.732770862794,42.0570375074076,14.1259710344408,42.1920119,13.7289167,26.036601276942,21.303830414148,2016.85391189997,2021.58668276277,30510000
204,205,0.9664851151678,42.0570375074076,14.1259710344408,42.3891149862656,14.2185130446815,22.2703155293158,21.303830414148,2016.85391189997,2017.82039701514,30510000
205,59,0.5721610212699,42.3891149862656,14.2185130446815,42.4617624,14.2160321,22.8424765505857,22.2703155293158,2017.82039701514,2018.39255803641,30510000
205,60,0.01760272592073,42.3891149862656,14.2185130446815,42.4617624,14.2160321,22.2879182552365,22.2703155293158,2017.82039701514,2017.83799974106,30510000
206,231,1.106706635456,43.8749037822382,12.942030600154,45.9015840997959,14.8371019629403,15.0200113787127,13.9133047432567,2009.46338622908,2010.57009286454,30510000
206,207,0.0880170620497,43.8749037822382,12.942030600154,43.8724394869575,13.2985451089868,14.0013218053064,13.9133047432567,2009.46338622908,2009.55140329113,30510000
207,208,2.248630487689,43.8724394869575,13.2985451089868,44.5213866029601,13.2251613058203,16.2499522929954,14.0013218053064,2009.55140329113,2011.80003377882,30510000
207,220,0.4093639985981,43.8724394869575,13.2985451089868,43.7050066261693,13.5823111375978,14.4106858039045,14.0013218053064,2009.55140329113,2009.96076728973,30510000
208,219,8.378720281007,44.5213866029601,13.2251613058203,45.2335232885321,11.2949266969263,24.6286725740024,16.2499522929954,2011.80003377882,2020.17875405983,30510000
208,209,0.6083590042439,44.5213866029601,13.2251613058203,44.7790769937952,12.3831781381928,16.8583112972393,16.2499522929954,2011.80003377882,2012.40839278307,30510000
209,211,0.6771143551796,44.7790769937952,12.3831781381928,44.6500232946359,11.634816492641,17.5354256524189,16.8583112972393,2012.40839278307,2013.08550713825,30510000
209,210,3.84368361177,44.7790769937952,12.3831781381928,46.0207447578519,11.8540842383199,20.7019949090093,16.8583112972393,2012.40839278307,2016.25207639484,30510000
210,62,1.441074290094,46.0207447578519,11.8540842383199,45.440379,12.3159547,22.1430691991033,20.7019949090093,2016.25207639484,2017.69315068493,30510000
210,63,2.419156481875,46.0207447578519,11.8540842383199,45.6669338,12.2430608,23.1211513908843,20.7019949090093,2016.25207639484,2018.67123287671,30510000
211,212,0.5033038729226,44.6500232946359,11.634816492641,45.3416623141546,11.5270132558117,18.0387295253415,17.5354256524189,2013.08550713825,2013.58881101117,30510000
211,72,5.42408190285,44.6500232946359,11.634816492641,45.4105029,11.8782071,22.9595075552689,17.5354256524189,2013.08550713825,2018.5095890411,30510000
212,213,1.080937452423,45.3416623141546,11.5270132558117,45.833059892268,12.8334928757788,19.1196669777645,18.0387295253415,2013.58881101117,2014.66974846359,30510000
212,71,2.079682139516,45.3416623141546,11.5270132558117,45.4383659,10.9917136,20.1184116648575,18.0387295253415,2013.58881101117,2015.66849315068,30510000
213,214,1.256165346955,45.833059892268,12.8334928757788,45.9622649005907,12.0025349957671,20.3758323247195,19.1196669777645,2014.66974846359,2015.92591381055,30510000
213,70,2.59511371311,45.833059892268,12.8334928757788,46.0652851,13.2373414,21.7147806908745,19.1196669777645,2014.66974846359,2017.2648621767,30510000
214,216,0.1924136120838,45.9622649005907,12.0025349957671,45.9938236968717,11.9162247447435,20.5682459368033,20.3758323247195,2015.92591381055,2016.11832742263,30510000
214,215,1.835891750912,45.9622649005907,12.0025349957671,46.4417746354037,12.8428890090554,22.2117240756315,20.3758323247195,2015.92591381055,2017.76180556146,30510000
215,65,0.8546327947062,46.4417746354037,12.8428890090554,46.0652851,13.2373414,23.0663568703377,22.2117240756315,2017.76180556146,2018.61643835616,30510000
215,64,4.810797178268,46.4417746354037,12.8428890090554,45.4790671,9.8452433,27.0225212538995,22.2117240756315,2017.76180556146,2022.57260273973,30510000
216,217,0.1683561795544,45.9938236968717,11.9162247447435,45.6491654252346,11.9574665166881,20.7366021163577,20.5682459368033,2016.11832742263,2016.28668360218,30510000
216,66,1.421398604767,45.9938236968717,11.9162247447435,45.440379,12.3159547,21.9896445415703,20.5682459368033,2016.11832742263,2017.5397260274,30510000
217,69,0.3144092939902,45.6491654252346,11.9574665166881,45.6669338,12.2430608,21.0510114103479,20.7366021163577,2016.28668360218,2016.60109289617,30510000
217,218,4.550645684601,45.6491654252346,11.9574665166881,45.606100650695,11.7859776131805,25.2872478009587,20.7366021163577,2016.28668360218,2020.83732928679,30510000
218,68,3.028424137872,45.606100650695,11.7859776131805,45.3920141,11.5755758,28.3156719388307,25.2872478009587,2020.83732928679,2023.86575342466,30510000
218,67,2.80924605568,45.606100650695,11.7859776131805,45.7623333,11.690976,28.0964938566387,25.2872478009587,2020.83732928679,2023.64657534247,30510000
219,73,2.363711693595,45.2335232885321,11.2949266969263,45.440379,12.3159547,26.9923842675974,24.6286725740024,2020.17875405983,2022.54246575342,30510000
219,74,3.56919114565,45.2335232885321,11.2949266969263,45.5215467,10.8379705,28.1978637196524,24.6286725740024,2020.17875405983,2023.74794520548,30510000
220,75,8.712609870983,43.7050066261693,13.5823111375978,41.6552418,12.989615,23.1232956748875,14.4106858039045,2009.96076728973,2018.67337716071,30510000
220,221,1.692874132296,43.7050066261693,13.5823111375978,43.5153819450702,13.6662633564599,16.1035599362005,14.4106858039045,2009.96076728973,2011.65364142203,30510000
221,222,0.6237453710968,43.5153819450702,13.6662633564599,43.7746080365811,13.2197891974719,16.7273053072973,16.1035599362005,2011.65364142203,2012.27738679312,30510000
221,86,11.88060515331,43.5153819450702,13.6662633564599,45.0522366,7.5153885,27.9841650895105,16.1035599362005,2011.65364142203,2023.53424657534,30510000
222,223,3.257058070444,43.7746080365811,13.2197891974719,43.6016062781597,12.7669795524765,19.9843633777413,16.7273053072973,2012.27738679312,2015.53444486357,30510000
222,225,6.511241897084,43.7746080365811,13.2197891974719,44.7772943822995,11.7958336775499,23.2385472043813,16.7273053072973,2012.27738679312,2018.78862869021,30510000
223,76,7.046377054239,43.6016062781597,12.7669795524765,41.6552418,12.989615,27.0307404319803,19.9843633777413,2015.53444486357,2022.58082191781,30510000
223,224,1.005891667996,43.6016062781597,12.7669795524765,41.9679614076923,13.6208605598483,20.9902550457373,19.9843633777413,2015.53444486357,2016.54033653156,30510000
224,77,1.082847359915,41.9679614076923,13.6208605598483,41.6552418,12.989615,22.0731024056523,20.9902550457373,2016.54033653156,2017.62318389148,30510000
224,78,6.982951139668,41.9679614076923,13.6208605598483,44.5967607,11.2186396,27.9732061854053,20.9902550457373,2016.54033653156,2023.52328767123,30510000
225,79,0.09188732910834,44.7772943822995,11.7958336775499,44.83925,11.6175537,23.3304345334896,23.2385472043813,2018.78862869021,2018.88051601932,30510000
225,226,0.1307958023361,44.7772943822995,11.7958336775499,44.834463982931,11.5325578587358,23.3693430067174,23.2385472043813,2018.78862869021,2018.91942449254,30510000
226,80,4.784685096496,44.834463982931,11.5325578587358,44.5967607,11.2186396,28.1540281032134,23.3693430067174,2018.91942449254,2023.70410958904,30510000
226,227,0.0625667449492,44.834463982931,11.5325578587358,44.8352774019797,11.5418395543561,23.4319097516666,23.3693430067174,2018.91942449254,2018.98199123749,30510000
227,85,1.921042661236,44.8352774019797,11.5418395543561,44.83925,11.6175537,25.3529524129026,23.4319097516666,2018.98199123749,2020.90303389873,30510000
227,228,0.1966498146557,44.8352774019797,11.5418395543561,44.6762210247777,11.3302238672246,23.6285595663223,23.4319097516666,2018.98199123749,2019.17864105215,30510000
228,84,3.317249358809,44.6762210247777,11.3302238672246,41.87194,12.56738,26.9458089251313,23.6285595663223,2019.17864105215,2022.49589041096,30510000
228,229,0.4275818184973,44.6762210247777,11.3302238672246,44.7004578107552,10.8788615878873,24.0561413848196,23.6285595663223,2019.17864105215,2019.60622287065,30510000
229,81,2.023914115654,44.7004578107552,10.8788615878873,44.494887,11.3426163,26.0800555004736,24.0561413848196,2019.60622287065,2021.6301369863,30510000
229,230,0.6620356353876,44.7004578107552,10.8788615878873,44.5628137104309,10.6417018455131,24.7181770202072,24.0561413848196,2019.60622287065,2020.26825850603,30510000
230,82,1.470252409165,44.5628137104309,10.6417018455131,44.5967607,11.2186396,26.1884294293722,24.7181770202072,2020.26825850603,2021.7385109152,30510000
230,83,2.323522315883,44.5628137104309,10.6417018455131,44.5967607,11.2186396,27.0416993360902,24.7181770202072,2020.26825850603,2022.59178082192,30510000
231,232,1.916238413237,45.9015840997959,14.8371019629403,46.2110763982993,16.1435807952158,16.9362497919497,15.0200113787127,2010.57009286454,2012.48633127778,30510000
231,270,7.473174227721,45.9015840997959,14.8371019629403,47.5840119631,18.9263466335014,22.4931856064337,15.0200113787127,2010.57009286454,2018.04326709226,30510000
232,233,0.1216801058736,46.2110763982993,16.1435807952158,46.3349455388531,16.0372062397331,17.0579298978233,16.9362497919497,2012.48633127778,2012.60801138365,30510000
232,262,2.701184310733,46.2110763982993,16.1435807952158,49.0123590336265,15.1953812246425,19.6374341026827,16.9362497919497,2012.48633127778,2015.18751558851,30510000
233,234,0.1139562216891,46.3349455388531,16.0372062397331,46.3790052403417,16.1522992072586,17.1718861195124,17.0579298978233,2012.60801138365,2012.72196760534,30510000
233,248,0.5952814552379,46.3349455388531,16.0372062397331,46.8740070462639,15.9681423946034,17.6532113530612,17.0579298978233,2012.60801138365,2013.20329283889,30510000
234,240,1.067570120214,46.3790052403417,16.1522992072586,46.3897965128817,16.9451086029831,18.2394562397264,17.1718861195124,2012.72196760534,2013.78953772555,30510000
234,235,0.6398011708544,46.3790052403417,16.1522992072586,46.8987438829924,16.9049666763282,17.8116872903668,17.1718861195124,2012.72196760534,2013.36176877619,30510000
235,236,3.624961526343,46.8987438829924,16.9049666763282,43.7373331253826,23.6696360282617,21.4366488167098,17.8116872903668,2013.36176877619,2016.98673030254,30510000
235,239,2.638931487442,46.8987438829924,16.9049666763282,47.7940483107009,18.6771315075581,20.4506187778088,17.8116872903668,2013.36176877619,2016.00070026364,30510000
236,90,2.513205373032,43.7373331253826,23.6696360282617,44.535548,26.2324886,23.9498541897418,21.4366488167098,2016.98673030254,2019.49993567557,30510000
236,237,2.714866945936,43.7373331253826,23.6696360282617,40.9706777593555,22.64739244315,24.1515157626458,21.4366488167098,2016.98673030254,2019.70159724847,30510000
237,89,0.9432114946959,40.9706777593555,22.64739244315,40.621173,23.1918021,25.0947272573417,24.1515157626458,2019.70159724847,2020.64480874317,30510000
237,238,0.3359346719171,40.9706777593555,22.64739244315,41.194563864156,22.6830749055993,24.4874504345629,24.1515157626458,2019.70159724847,2020.03753192039,30510000
238,87,0.645528188899,41.194563864156,22.6830749055993,40.621173,23.1918021,25.1329786234619,24.4874504345629,2020.03753192039,2020.68306010929,30510000
238,88,2.702194107006,41.194563864156,22.6830749055993,40.621173,23.1918021,27.1896445415689,24.4874504345629,2020.03753192039,2022.7397260274,30510000
239,92,1.711645597004,47.7940483107009,18.6771315075581,46.7112802,19.8515197,22.1622643748128,20.4506187778088,2016.00070026364,2017.71234586064,30510000
239,91,0.564873506855,47.7940483107009,18.6771315075581,46.8963711,19.6896861,21.0154922846638,20.4506187778088,2016.00070026364,2016.56557377049,30510000
240,241,1.399315537444,46.3897965128817,16.9451086029831,46.2565384939698,16.8083322882721,19.6387717771704,18.2394562397264,2013.78953772555,2015.188853263,30510000
240,244,2.639341145653,46.3897965128817,16.9451086029831,47.7575811887151,16.7303410604684,20.8787973853794,18.2394562397264,2013.78953772555,2016.42887887121,30510000
241,93,0.5508727643992,46.2565384939698,16.8083322882721,46.5537589,16.5570474,20.1896445415696,19.6387717771704,2015.188853263,2015.7397260274,30510000
241,242,0.8060733291385,46.2565384939698,16.8083322882721,46.9509922402331,16.2178884864334,20.4448451063089,19.6387717771704,2015.188853263,2015.99492659214,30510000
242,243,0.4638846104625,46.9509922402331,16.2178884864334,47.407577241123,15.3427014334138,20.9087297167714,20.4448451063089,2015.99492659214,2016.4588112026,30510000
242,94,2.505711450956,46.9509922402331,16.2178884864334,48.1485965,17.1077477,22.9505565572649,20.4448451063089,2015.99492659214,2018.50063804309,30510000
243,96,2.124750441237,47.407577241123,15.3427014334138,48.3069096,14.285918,23.0334801580084,20.9087297167714,2016.4588112026,2018.58356164384,30510000
243,95,1.132969619319,47.407577241123,15.3427014334138,47.516231,14.550072,22.0416993360904,20.9087297167714,2016.4588112026,2017.59178082192,30510000
244,245,1.50757789288,47.7575811887151,16.7303410604684,47.9761148088724,15.705722309727,22.3863752782594,20.8787973853794,2016.42887887121,2017.93645676409,30510000
244,97,1.272490991806,47.7575811887151,16.7303410604684,47.0678961,15.4417305,22.1512883771854,20.8787973853794,2016.42887887121,2017.70136986301,30510000
245,247,0.3354204801969,47.9761148088724,15.705722309727,48.3539536174684,15.4288350871486,22.7217957584563,22.3863752782594,2017.93645676409,2018.27187724428,30510000
245,246,0.2398999468315,47.9761148088724,15.705722309727,47.5742259444479,15.7954585313697,22.6262752250909,22.3863752782594,2017.93645676409,2018.17635671092,30510000
246,99,0.5003556178485,47.5742259444479,15.7954585313697,47.0678961,15.4417305,23.1266308429394,22.6262752250909,2018.17635671092,2018.67671232877,30510000
246,98,0.2453317483611,47.5742259444479,15.7954585313697,48.108077,15.8049558,22.871606973452,22.6262752250909,2018.17635671092,2018.42168845928,30510000
247,100,0.4240131666751,48.3539536174684,15.4288350871486,48.1179477,16.5662578,23.1458089251314,22.7217957584563,2018.27187724428,2018.69589041096,30510000
247,101,0.3445611118803,48.3539536174684,15.4288350871486,49.0846859,14.717274,23.0663568703366,22.7217957584563,2018.27187724428,2018.61643835616,30510000
248,102,3.531679838707,46.8740070462639,15.9681423946034,46.8416936,16.8416322,21.1848911917682,17.6532113530612,2013.20329283889,2016.73497267759,30510000
248,249,0.1122407966253,46.8740070462639,15.9681423946034,46.8617627304295,16.0453867176975,17.7654521496865,17.6532113530612,2013.20329283889,2013.31553363551,30510000
249,251,1.077549538501,46.8617627304295,16.0453867176975,47.0091399310912,16.4840614799651,18.8430016881875,17.7654521496865,2013.31553363551,2014.39308317401,30510000
249,250,2.854674438421,46.8617627304295,16.0453867176975,46.8546462552427,15.7843828293072,20.6201265881075,17.7654521496865,2013.31553363551,2016.17020807393,30510000
250,104,1.388696035654,46.8546462552427,15.7843828293072,47.516231,14.550072,22.0088226237615,20.6201265881075,2016.17020807393,2017.55890410959,30510000
250,103,2.450840758168,46.8546462552427,15.7843828293072,47.497912,19.040235,23.0709673462755,20.6201265881075,2016.17020807393,2018.6210488321,30510000
251,260,1.60450324977,47.0091399310912,16.4840614799651,46.4426377603696,17.8348519446314,20.4475049379575,18.8430016881875,2014.39308317401,2015.99758642378,30510000
251,252,0.1860187759065,47.0091399310912,16.4840614799651,46.7824478042136,16.3164876105699,19.029020464094,18.8430016881875,2014.39308317401,2014.57910194992,30510000
252,256,0.4573442716945,46.7824478042136,16.3164876105699,47.2076254442979,17.1251431179262,19.4863647357885,19.029020464094,2014.57910194992,2015.03644622162,30510000
252,253,0.02326908356067,46.7824478042136,16.3164876105699,46.7536771308819,16.1537417940922,19.0522895476547,19.029020464094,2014.57910194992,2014.60237103348,30510000
253,108,2.998841511794,46.7536771308819,16.1537417940922,47.497912,19.040235,22.0511310594487,19.0522895476547,2014.60237103348,2017.60121254528,30510000
253,254,2.016937459638,46.7536771308819,16.1537417940922,47.4802691853786,14.4649479814798,21.0692270072927,19.0522895476547,2014.60237103348,2016.61930849312,30510000
254,107,0.09380626097821,47.4802691853786,14.4649479814798,47.516231,14.550072,21.1630332682709,21.0692270072927,2016.61930849312,2016.7131147541,30510000
254,255,0.3004396417242,47.4802691853786,14.4649479814798,47.4988315360168,14.7275201754316,21.3696666490169,21.0692270072927,2016.61930849312,2016.91974813484,30510000
255,105,5.740525837758,47.4988315360168,14.7275201754316,46.0527405,14.4720881,27.1101924867749,21.3696666490169,2016.91974813484,2022.6602739726,30510000
255,106,0.7816217281694,47.4988315360168,14.7275201754316,47.9352737,13.480546,22.1512883771863,21.3696666490169,2016.91974813484,2017.70136986301,30510000
256,257,0.1371335636349,47.2076254442979,17.1251431179262,47.2784551224969,17.1390779659748,19.6234982994234,19.4863647357885,2015.03644622162,2015.17357978525,30510000
256,109,6.653964737288,47.2076254442979,17.1251431179262,48.2080696,16.3713095,26.1403294730765,19.4863647357885,2015.03644622162,2021.6904109589,30510000
257,259,0.0301281385824,47.2784551224969,17.1390779659748,47.1926629963198,17.0236501106256,19.6536264380058,19.6234982994234,2015.17357978525,2015.20370792383,30510000
257,258,0.5061530188169,47.2784551224969,17.1390779659748,47.6894961315258,15.9670051506772,20.1296513182403,19.6234982994234,2015.17357978525,2015.67973280407,30510000
258,111,3.933350601785,47.6894961315258,15.9670051506772,48.3299361,16.9121254,24.0630019200253,20.1296513182403,2015.67973280407,2019.61308340585,30510000
258,110,1.063436594839,47.6894961315258,15.9670051506772,48.1186571,16.6126378,21.1930879130793,20.1296513182403,2015.67973280407,2016.74316939891,30510000
259,113,2.527961304613,47.1926629963198,17.0236501106256,46.3593606,17.7967639,22.1815877426188,19.6536264380058,2015.20370792383,2017.73166922845,30510000
259,112,2.437968839728,47.1926629963198,17.0236501106256,46.8416936,16.8416322,22.0915952777338,19.6536264380058,2015.20370792383,2017.64167676356,30510000
260,114,2.547619055667,46.4426377603696,17.8348519446314,45.8150108,15.981919,22.9951239936245,20.4475049379575,2015.99758642378,2018.54520547945,30510000
260,261,0.08193632595017,46.4426377603696,17.8348519446314,46.6045578623698,17.7938520131013,20.5294412639077,20.4475049379575,2015.99758642378,2016.07952274973,30510000
261,116,0.4942477420682,46.6045578623698,17.7938520131013,46.3593606,17.7967639,21.0236890059759,20.5294412639077,2016.07952274973,2016.5737704918,30510000
261,115,2.630066291361,46.6045578623698,17.7938520131013,45.6717716,15.6507903,23.1595075552687,20.5294412639077,2016.07952274973,2018.7095890411,30510000
262,263,0.4919524555814,49.0123590336265,15.1953812246425,48.9298845590033,15.6474328578509,20.1293865582641,19.6374341026827,2015.18751558851,2015.67946804409,30510000
262,269,1.679398947721,49.0123590336265,15.1953812246425,47.7240210371784,15.5064967255874,21.3168330504037,19.6374341026827,2015.18751558851,2016.86691453623,30510000
263,117,3.901353873717,48.9298845590033,15.6474328578509,45.8150108,15.981919,24.0307404319811,20.1293865582641,2015.67946804409,2019.58082191781,30510000
263,264,0.2446419724085,48.9298845590033,15.6474328578509,49.3148114873241,15.7478138713392,20.3740285306726,20.1293865582641,2015.67946804409,2015.9241100165,30510000
264,123,2.538974473152,49.3148114873241,15.7478138713392,51.3396955,12.3730747,22.9130030038246,20.3740285306726,2015.9241100165,2018.46308448965,30510000
264,265,0.0975756054837,49.3148114873241,15.7478138713392,49.351877502074,15.790952506483,20.4716041361563,20.3740285306726,2015.9241100165,2016.02168562198,30510000
265,122,0.6449810446828,49.351877502074,15.790952506483,48.7739859,16.7623041,21.1165851808391,20.4716041361563,2016.02168562198,2016.66666666667,30510000
265,266,0.170623175191,49.351877502074,15.790952506483,49.1828195893877,15.8333382792795,20.6422273113473,20.4716041361563,2016.02168562198,2016.19230879717,30510000
266,267,1.283883198872,49.1828195893877,15.8333382792795,48.6782243254174,16.154916891536,21.9261105102193,20.6422273113473,2016.19230879717,2017.47619199605,30510000
266,268,2.298524595397,49.1828195893877,15.8333382792795,48.1324123842348,16.6259224552667,22.9407519067443,20.6422273113473,2016.19230879717,2018.49083339257,30510000
267,119,0.1512052642267,48.6782243254174,16.154916891536,48.3025316,16.14906,22.077315774446,21.9261105102193,2017.47619199605,2017.62739726027,30510000
267,118,0.2251778669665,48.6782243254174,16.154916891536,48.4724292,16.2928756,22.1512883771858,21.9261105102193,2017.47619199605,2017.70136986301,30510000
268,121,0.1310844156476,48.1324123842348,16.6259224552667,47.7761125,16.3286015,23.0718363223919,22.9407519067443,2018.49083339257,2018.62191780822,30510000
268,120,0.05163236085315,48.1324123842348,16.6259224552667,48.1179477,16.5662578,22.9923842675975,22.9407519067443,2018.49083339257,2018.54246575342,30510000
269,125,5.798838888426,47.7240210371784,15.5064967255874,46.0652851,13.2373414,27.1156719388297,21.3168330504037,2016.86691453623,2022.66575342466,30510000
269,124,1.733085463768,47.7240210371784,15.5064967255874,47.0678961,15.4417305,23.0499185141717,21.3168330504037,2016.86691453623,2018.6,30510000
270,126,1.521116469383,47.5840119631,18.9263466335014,48.7163857,21.2610746,24.0143020758167,22.4931856064337,2018.04326709226,2019.56438356164,30510000
270,127,0.6267429813273,47.5840119631,18.9263466335014,47.162494,19.503304,23.119928587761,22.4931856064337,2018.04326709226,2018.67001007359,30510000
271,272,0.8044710673545,42.206829289916,12.2004619467226,43.0354214348681,12.5218870736992,15.251231332724,14.4467602653695,2009.9968417512,2010.80131281855,30510000
271,128,1.667098597197,42.206829289916,12.2004619467226,41.87194,12.56738,16.1138588625665,14.4467602653695,2009.9968417512,2011.66394034839,30510000
272,132,3.673672376555,43.0354214348681,12.5218870736992,44.7326319,10.7878059,18.924903709279,15.251231332724,2010.80131281855,2014.47498519511,30510000
272,273,0.7206636826108,43.0354214348681,12.5218870736992,42.8629071239281,12.312058738188,15.9718950153348,15.251231332724,2010.80131281855,2011.52197650116,30510000
273,131,1.296445281978,42.8629071239281,12.312058738188,41.8224622,12.7990457,17.2683402973128,15.9718950153348,2011.52197650116,2012.81842178314,30510000
273,274,0.002376666568438,42.8629071239281,12.312058738188,42.9139305421954,12.2835582090149,15.9742716819032,15.9718950153348,2011.52197650116,2011.52435316773,30510000
274,130,2.075646832269,42.9139305421954,12.2835582090149,45.0748447,11.7850885,18.0499185141722,15.9742716819032,2011.52435316773,2013.6,30510000
274,129,1.084944484992,42.9139305421954,12.2835582090149,41.87194,12.56738,17.0592161668952,15.9742716819032,2011.52435316773,2012.60929765272,30510000
275,133,0.3407100055702,42.9771276916638,14.3438835457809,42.8541038,13.5688164,22.8761062769923,22.5353962714221,2018.08547775725,2018.42618776282,30510000
275,134,0.5473989550796,42.9771276916638,14.3438835457809,42.9200877,13.8360359,23.0827952265017,22.5353962714221,2018.08547775725,2018.63287671233,30510000
276,277,0.6460395272443,44.3806828130695,11.9369595003969,45.1010844936417,12.8909507396028,12.9766921841543,12.33065265691,2007.88073414274,2008.52677366998,30510000
276,135,1.647116298969,44.3806828130695,11.9369595003969,41.87194,12.56738,13.977768955879,12.33065265691,2007.88073414274,2009.52785044171,30510000
277,136,1.308842768374,45.1010844936417,12.8909507396028,45.6669338,12.2430608,14.2855349525283,12.9766921841543,2008.52677366998,2009.83561643836,30510000
277,278,0.02370675667962,45.1010844936417,12.8909507396028,45.0833060706016,12.7119912413532,13.0003989408339,12.9766921841543,2008.52677366998,2008.55048042666,30510000
278,279,3.189222898275,45.0833060706016,12.7119912413532,45.7180144469254,12.0911253809538,16.1896218391089,13.0003989408339,2008.55048042666,2011.73970332494,30510000
278,141,0.7536291623793,45.0833060706016,12.7119912413532,45.6669338,12.2430608,13.7540281032132,13.0003989408339,2008.55048042666,2009.30410958904,30510000
279,140,0.932427822604,45.7180144469254,12.0911253809538,45.6669338,12.2430608,17.1220496617129,16.1896218391089,2011.73970332494,2012.67213114754,30510000
279,280,1.843472224768,45.7180144469254,12.0911253809538,45.5127445501385,12.3378106060551,18.0330940638769,16.1896218391089,2011.73970332494,2013.5831755497,30510000
280,137,2.02230390235,45.5127445501385,12.3378106060551,45.440379,12.3159547,20.0553979662269,18.0330940638769,2013.5831755497,2015.60547945205,30510000
280,281,0.9110644260726,45.5127445501385,12.3378106060551,46.1227918900589,12.1680477353696,18.9441584899495,18.0330940638769,2013.5831755497,2014.49423997578,30510000
281,139,2.068601554277,46.1227918900589,12.1680477353696,45.9400855,13.6203249,21.0127600442265,18.9441584899495,2014.49423997578,2016.56284153005,30510000
281,138,0.1550750927156,46.1227918900589,12.1680477353696,45.440379,12.3159547,19.0992335826651,18.9441584899495,2014.49423997578,2014.64931506849,30510000
