node1,node2,length,startLat,startLon,endLat,endLon,endNodeL,startNodeL,startYear,endYear,treeID
142,143,4.175729138168,47.7771166418181,10.733057224128,46.8711180495551,13.3568772848861,4.175729138168,0,1990.47023082395,1994.64595996212,27135000
142,270,2.360551317197,47.7771166418181,10.733057224128,48.1972363214694,10.8860094987954,2.360551317197,0,1990.47023082395,1992.83078214115,27135000
143,257,3.476793866224,46.8711180495551,13.3568772848861,46.6949967009443,16.6595572801841,7.652523004392,4.175729138168,1994.64595996212,1998.12275382835,27135000
143,144,0.5193335164269,46.8711180495551,13.3568772848861,47.2820901318521,12.5475184528394,4.6950626545949,4.175729138168,1994.64595996212,1995.16529347855,27135000
144,150,1.830448106482,47.2820901318521,12.5475184528394,47.1630476968303,13.1006672845451,6.5255107610769,4.6950626545949,1995.16529347855,1996.99574158503,27135000
144,145,7.786915157747,47.2820901318521,12.5475184528394,45.0846948947432,11.6925532814781,12.4819778123419,4.6950626545949,1995.16529347855,2002.9522086363,27135000
145,146,3.254731624539,45.0846948947432,11.6925532814781,44.6057519490294,11.2608558470956,15.7367094368809,12.4819778123419,2002.9522086363,2006.20694026083,27135000
145,6,7.729983144526,45.0846948947432,11.6925532814781,44.647128,10.9252269,20.2119609568679,12.4819778123419,2002.9522086363,2010.68219178082,27135000
146,1,5.625380018384,44.6057519490294,11.2608558470956,44.83925,11.6175537,21.3620894552649,15.7367094368809,2006.20694026083,2011.83232027922,27135000
146,147,0.7965328079939,44.6057519490294,11.2608558470956,45.6703458810654,11.4455582306466,16.5332422448748,15.7367094368809,2006.20694026083,2007.00347306883,27135000
147,148,0.3803860802084,45.6703458810654,11.4455582306466,45.0429793008333,11.7696456908822,16.9136283250832,16.5332422448748,2007.00347306883,2007.38385914904,27135000
147,5,2.994649904109,45.6703458810654,11.4455582306466,44.647128,10.9252269,19.5278921489838,16.5332422448748,2007.00347306883,2009.99812297294,27135000
148,2,1.043185795063,45.0429793008333,11.7696456908822,44.647128,10.9252269,17.9568141201462,16.9136283250832,2007.38385914904,2008.4270449441,27135000
148,149,2.425125287192,45.0429793008333,11.7696456908822,44.5835607661134,12.2010779315559,19.3387536122752,16.9136283250832,2007.38385914904,2009.80898443623,27135000
149,4,0.8238922760994,44.5835607661134,12.2010779315559,44.494887,11.3426163,20.1626458883746,19.3387536122752,2009.80898443623,2010.63287671233,27135000
149,3,1.01293337199,44.5835607661134,12.2010779315559,44.0565776,12.5713325,20.3516869842652,19.3387536122752,2009.80898443623,2010.82191780822,27135000
150,7,8.40060107225,47.1630476968303,13.1006672845451,48.2080696,16.3713095,14.9261118333269,6.5255107610769,1996.99574158503,2005.39634265728,27135000
150,151,5.529250409636,47.1630476968303,13.1006672845451,43.6560344332289,12.3793117694969,12.0547611707129,6.5255107610769,1996.99574158503,2002.52499199467,27135000
151,251,4.393742991241,43.6560344332289,12.3793117694969,43.2185533458962,11.4411654984054,16.4485041619539,12.0547611707129,2002.52499199467,2006.91873498591,27135000
151,152,3.389090138652,43.6560344332289,12.3793117694969,44.614516301543,11.8598774143285,15.4438513093649,12.0547611707129,2002.52499199467,2005.91408213332,27135000
152,153,0.4452584311461,44.614516301543,11.8598774143285,44.2168461472459,11.6612640512401,15.889109740511,15.4438513093649,2005.91408213332,2006.35934056446,27135000
152,249,0.8991697106054,44.614516301543,11.8598774143285,43.5932550002524,12.9384871116649,16.3430210199703,15.4438513093649,2005.91408213332,2006.81325184392,27135000
153,154,1.013465902118,44.2168461472459,11.6612640512401,44.6423963742974,11.9540869959704,16.902575642629,15.889109740511,2006.35934056446,2007.37280646658,27135000
153,104,3.646381524834,44.2168461472459,11.6612640512401,41.87194,12.56738,19.535491265345,15.889109740511,2006.35934056446,2010.0057220893,27135000
154,162,0.8619316993502,44.6423963742974,11.9540869959704,44.6351713984153,12.34044839153,17.7645073419792,16.902575642629,2007.37280646658,2008.23473816593,27135000
154,155,0.939936094983,44.6423963742974,11.9540869959704,44.0986611773006,12.2942273847955,17.842511737612,16.902575642629,2007.37280646658,2008.31274256157,27135000
155,15,1.522873876789,44.0986611773006,12.2942273847955,45.6669338,12.2430608,19.365385614401,17.842511737612,2008.31274256157,2009.83561643835,27135000
155,156,0.309585337665,44.0986611773006,12.2942273847955,43.5793900524923,12.326161863683,18.152097075277,17.842511737612,2008.31274256157,2008.62232789923,27135000
156,157,0.9196893205429,43.5793900524923,12.326161863683,43.7915501333415,12.2744482988654,19.0717863958199,18.152097075277,2008.62232789923,2009.54201721977,27135000
156,14,1.471392770299,43.5793900524923,12.326161863683,43.6071395,13.5101741,19.623489845576,18.152097075277,2008.62232789923,2010.09372066953,27135000
157,158,0.09349440024189,43.7915501333415,12.2744482988654,43.894527853019,12.2511627275575,19.1652807960618,19.0717863958199,2009.54201721977,2009.63551162002,27135000
157,161,0.5875380482247,43.7915501333415,12.2744482988654,43.4751455491437,12.1566338072104,19.6593244440446,19.0717863958199,2009.54201721977,2010.129555268,27135000
158,8,2.023419046555,43.894527853019,12.2511627275575,41.87194,12.56738,21.1886998426168,19.1652807960618,2009.63551162002,2011.65893066657,27135000
158,159,0.6751774145563,43.894527853019,12.2511627275575,43.6159435623716,12.0423951318599,19.8404582106181,19.1652807960618,2009.63551162002,2010.31068903457,27135000
159,160,0.6148452820846,43.6159435623716,12.0423951318599,43.2305269286667,12.1006438091664,20.4553034927027,19.8404582106181,2010.31068903457,2010.92553431666,27135000
159,9,4.418575361265,43.6159435623716,12.0423951318599,44.7326319,10.7878059,24.2590335718831,19.8404582106181,2010.31068903457,2014.72926439584,27135000
160,11,2.674465683342,43.2305269286667,12.1006438091664,45.0748447,11.7850885,23.1297691760447,20.4553034927027,2010.92553431666,2013.6,27135000
160,10,1.737839345283,43.2305269286667,12.1006438091664,41.87194,12.56738,22.1931428379857,20.4553034927027,2010.92553431666,2012.66337366194,27135000
161,13,2.298117093879,43.4751455491437,12.1566338072104,41.8224622,12.7990457,21.9574415379236,19.6593244440446,2010.129555268,2012.42767236188,27135000
161,12,2.624430093929,43.4751455491437,12.1566338072104,44.6788747,11.0411597,22.2837545379736,19.6593244440446,2010.129555268,2012.75398536193,27135000
162,163,0.005156629617849,44.6351713984153,12.34044839153,44.6481296558461,12.2550551823195,17.769663971597,17.7645073419792,2008.23473816593,2008.23989479555,27135000
162,196,0.4722051885616,44.6351713984153,12.34044839153,44.9955182878184,11.867965413795,18.2367125305408,17.7645073419792,2008.23473816593,2008.70694335449,27135000
163,187,1.324245362045,44.6481296558461,12.2550551823195,44.9998880143124,12.001066598044,19.093909333642,17.769663971597,2008.23989479555,2009.5641401576,27135000
163,164,1.097206828722,44.6481296558461,12.2550551823195,43.9841282340146,12.2521140332483,18.866870800319,17.769663971597,2008.23989479555,2009.33710162427,27135000
164,165,0.6431219904499,43.9841282340146,12.2521140332483,43.6939160328848,11.9373671696005,19.5099927907689,18.866870800319,2009.33710162427,2009.98022361472,27135000
164,179,1.717466908404,43.9841282340146,12.2521140332483,43.6292092709212,13.5527709387798,20.584337708723,18.866870800319,2009.33710162427,2011.05456853268,27135000
165,166,0.3070447033798,43.6939160328848,11.9373671696005,43.5720346285074,11.3765264482366,19.8170374941487,19.5099927907689,2009.98022361472,2010.2872683181,27135000
165,173,0.481600469151,43.6939160328848,11.9373671696005,44.4484608748673,11.0951995547307,19.9915932599199,19.5099927907689,2009.98022361472,2010.46182408387,27135000
166,167,1.626763631332,43.5720346285074,11.3765264482366,45.0750242435275,11.4548867402705,21.4438011254807,19.8170374941487,2010.2872683181,2011.91403194943,27135000
166,170,0.0264109877407,43.5720346285074,11.3765264482366,43.4588926781212,11.5212969111747,19.8434484818894,19.8170374941487,2010.2872683181,2010.31367930584,27135000
167,168,0.2648787322997,45.0750242435275,11.4548867402705,45.5776634259267,11.2108362243657,21.7086798577804,21.4438011254807,2011.91403194943,2012.17891068173,27135000
167,19,1.664050242346,45.0750242435275,11.4548867402705,45.4383659,10.9917136,23.1078513678268,21.4438011254807,2011.91403194943,2013.57808219178,27135000
168,169,0.1732952969859,45.5776634259267,11.2108362243657,45.4246438686025,10.7855123307647,21.8819751547663,21.7086798577804,2012.17891068173,2012.35220597872,27135000
168,18,0.3811986078825,45.5776634259267,11.2108362243657,45.0748447,11.7850885,22.0898784656629,21.7086798577804,2012.17891068173,2012.56010928962,27135000
169,16,1.324506350046,45.4246438686025,10.7855123307647,45.5461815,11.5413779,23.2064815048123,21.8819751547663,2012.35220597872,2013.67671232877,27135000
169,17,2.316287171964,45.4246438686025,10.7855123307647,45.4383659,10.9917136,24.1982623267303,21.8819751547663,2012.35220597872,2014.66849315068,27135000
170,20,8.36314452061,43.4588926781212,11.5212969111747,41.6552418,12.989615,28.2065930024994,19.8434484818894,2010.31367930584,2018.67682382645,27135000
170,171,0.06272883237528,43.4588926781212,11.5212969111747,43.4111543845392,11.5009491254562,19.9061773142647,19.8434484818894,2010.31367930584,2010.37640813822,27135000
171,23,1.299826203559,43.4111543845392,11.5009491254562,41.87194,12.56738,21.2060035178237,19.9061773142647,2010.37640813822,2011.67623434178,27135000
171,172,0.3515595153948,43.4111543845392,11.5009491254562,42.9280717059923,11.7101247266229,20.2577368296595,19.9061773142647,2010.37640813822,2010.72796765361,27135000
172,22,1.041518175917,42.9280717059923,11.7101247266229,41.87194,12.56738,21.2992550055765,20.2577368296595,2010.72796765361,2011.76948582953,27135000
172,21,3.82545700392,42.9280717059923,11.7101247266229,45.0748447,11.7850885,24.0831938335795,20.2577368296595,2010.72796765361,2014.55342465753,27135000
173,175,1.114811675186,44.4484608748673,11.0951995547307,44.9374606799177,12.107662379261,21.1064049351059,19.9915932599199,2010.46182408387,2011.57663575906,27135000
173,174,0.2086569338705,44.4484608748673,11.0951995547307,44.8055364393799,11.0971535607384,20.2002501937904,19.9915932599199,2010.46182408387,2010.67048101774,27135000
174,24,0.9897929548576,44.8055364393799,11.0971535607384,45.4383659,10.9917136,21.190043148648,20.2002501937904,2010.67048101774,2011.6602739726,27135000
174,25,1.05006692746,44.8055364393799,11.0971535607384,45.4383659,10.9917136,21.2503171212505,20.2002501937904,2010.67048101774,2011.7205479452,27135000
175,176,1.534188881524,44.9374606799177,12.107662379261,46.3201425250363,11.5007108633914,22.6405938166299,21.1064049351059,2011.57663575906,2013.11082464058,27135000
175,26,1.062708503234,44.9374606799177,12.107662379261,45.5461815,11.5413779,22.1691134383399,21.1064049351059,2011.57663575906,2012.63934426229,27135000
176,30,2.442600016949,46.3201425250363,11.5007108633914,45.4383659,10.9917136,25.0831938335789,22.6405938166299,2013.11082464058,2015.55342465753,27135000
176,177,1.386161671262,46.3201425250363,11.5007108633914,46.4021223580717,11.4955577875195,24.026755487892,22.6405938166299,2013.11082464058,2014.49698631185,27135000
177,27,3.124931496373,46.4021223580717,11.4955577875195,45.4383659,10.9917136,27.1516869842649,24.026755487892,2014.49698631185,2017.62191780822,27135000
177,178,0.3941458275824,46.4021223580717,11.4955577875195,45.290621007717,10.4334025893147,24.4209013154743,24.026755487892,2014.49698631185,2014.89113213943,27135000
178,29,1.811053652921,45.290621007717,10.4334025893147,45.4383659,10.9917136,26.2319549683953,24.4209013154743,2014.89113213943,2016.70218579235,27135000
178,28,5.71542523762,45.290621007717,10.4334025893147,45.4105029,11.8782071,30.1363265530943,24.4209013154743,2014.89113213943,2020.60655737705,27135000
179,180,1.373314066276,43.6292092709212,13.5527709387798,43.1639345070132,13.5068281999398,21.9576517749991,20.584337708723,2011.05456853268,2012.42788259895,27135000
179,183,1.62862606865,43.6292092709212,13.5527709387798,43.1676026603409,13.3771932107947,22.212963777373,20.584337708723,2011.05456853268,2012.68319460133,27135000
180,34,9.518411009933,43.1639345070132,13.5068281999398,42.1920119,13.7289167,31.4760627849321,21.9576517749991,2012.42788259895,2021.94629360889,27135000
180,181,3.037829830632,43.1639345070132,13.5068281999398,42.3906832047872,13.1121370715307,24.995481605631,21.9576517749991,2012.42788259895,2015.46571242958,27135000
181,33,2.507920415437,42.3906832047872,13.1121370715307,42.4617624,14.2160321,27.503402021068,24.995481605631,2015.46571242958,2017.97363284502,27135000
181,182,1.601255415746,42.3906832047872,13.1121370715307,41.854804004082,12.8279675277147,26.596737021377,24.995481605631,2015.46571242958,2017.06696784533,27135000
182,31,1.230720040415,41.854804004082,12.8279675277147,42.4617624,14.2160321,27.827457061792,26.596737021377,2017.06696784533,2018.29768788575,27135000
182,32,0.5904614078648,41.854804004082,12.8279675277147,41.6552418,12.989615,27.1871984292418,26.596737021377,2017.06696784533,2017.6574292532,27135000
183,184,2.992488601117,43.1676026603409,13.3771932107947,42.8155809853574,12.732908632808,25.20545237849,22.212963777373,2012.68319460133,2015.67568320244,27135000
183,35,4.958249607867,43.1676026603409,13.3771932107947,41.87194,12.56738,27.17121338524,22.212963777373,2012.68319460133,2017.64144420919,27135000
184,39,8.022946934541,42.8155809853574,12.732908632808,42.938004,12.6216211,33.228399313031,25.20545237849,2015.67568320244,2023.69863013698,27135000
184,185,2.697647982299,42.8155809853574,12.732908632808,43.8370296054283,13.0302319964628,27.9031003607891,25.20545237849,2015.67568320244,2018.37333118474,27135000
185,186,0.6246120285074,43.8370296054283,13.0302319964628,43.4189954418106,12.8859759577238,28.5277123892965,27.9031003607891,2018.37333118474,2018.99794321325,27135000
185,38,4.141737308407,43.8370296054283,13.0302319964628,43.462735,13.3587288,32.044837669196,27.9031003607891,2018.37333118474,2022.51506849315,27135000
186,37,4.585618430585,43.4189954418106,12.8859759577238,43.462735,13.3587288,33.1133308198814,28.5277123892965,2018.99794321325,2023.58356164384,27135000
186,36,2.686988293598,43.4189954418106,12.8859759577238,44.0565776,12.5713325,31.2147006828944,28.5277123892965,2018.99794321325,2021.68493150685,27135000
187,188,0.2412227811519,44.9998880143124,12.001066598044,44.8401757903691,11.5567460456543,19.335132114794,19.093909333642,2009.5641401576,2009.80536293875,27135000
187,49,13.97010641775,44.9998880143124,12.001066598044,45.0522366,7.5153885,33.064015751392,19.093909333642,2009.5641401576,2023.53424657535,27135000
188,190,6.723207748782,44.8401757903691,11.5567460456543,45.31924324214,11.7396335317154,26.0583398635759,19.335132114794,2009.80536293875,2016.52857068753,27135000
188,189,6.241788417099,44.8401757903691,11.5567460456543,43.7663146429322,14.4553133383451,25.5769205318929,19.335132114794,2009.80536293875,2016.04715135585,27135000
189,41,7.476136315386,43.7663146429322,14.4553133383451,44.5967607,11.2186396,33.053056847279,25.5769205318929,2016.04715135585,2023.52328767123,27135000
189,40,6.533670561961,43.7663146429322,14.4553133383451,41.6552418,12.989615,32.1105910938539,25.5769205318929,2016.04715135585,2022.58082191781,27135000
190,48,1.529204075477,45.31924324214,11.7396335317154,44.83925,11.6175537,27.5875439390529,26.0583398635759,2016.52857068753,2018.05777476301,27135000
190,191,2.445661485184,45.31924324214,11.7396335317154,43.8847778432384,11.9190843330338,28.5040013487599,26.0583398635759,2016.52857068753,2018.97423217271,27135000
191,192,0.3418113135785,43.8847778432384,11.9190843330338,43.3632294134383,11.8342306616731,28.8458126623384,28.5040013487599,2018.97423217271,2019.31604348629,27135000
191,47,1.711897162081,43.8847778432384,11.9190843330338,44.83925,11.6175537,30.215898510841,28.5040013487599,2018.97423217271,2020.68612933479,27135000
192,46,3.179846924667,43.3632294134383,11.8342306616731,41.87194,12.56738,32.0256595870054,28.8458126623384,2019.31604348629,2022.49589041096,27135000
192,193,0.6792070515905,43.3632294134383,11.8342306616731,44.7487739136867,11.0891478655814,29.5250197139289,28.8458126623384,2019.31604348629,2019.99525053788,27135000
193,194,0.2232548549885,44.7487739136867,11.0891478655814,44.6780966108164,10.8829951125709,29.7482745689174,29.5250197139289,2019.99525053788,2020.21850539287,27135000
193,42,3.708859051158,44.7487739136867,11.0891478655814,44.5967607,11.2186396,33.2338787650869,29.5250197139289,2019.99525053788,2023.70410958904,27135000
194,195,0.6964264695574,44.6780966108164,10.8829951125709,45.1702861484956,11.5161467896257,30.4447010384749,29.7482745689174,2020.21850539287,2020.91493186243,27135000
194,45,1.41163159343,44.6780966108164,10.8829951125709,44.494887,11.3426163,31.1599061623475,29.7482745689174,2020.21850539287,2021.6301369863,27135000
195,44,1.676848959489,45.1702861484956,11.5161467896257,44.5967607,11.2186396,32.1215499979638,30.4447010384749,2020.91493186243,2022.59178082192,27135000
195,43,0.9249570888857,45.1702861484956,11.5161467896257,44.5967607,11.2186396,31.3696581273605,30.4447010384749,2020.91493186243,2021.83988895131,27135000
196,197,1.608587987761,44.9955182878184,11.867965413795,46.4697922118693,13.5445462754521,19.8453005183018,18.2367125305408,2008.70694335449,2010.31553134226,27135000
196,237,3.29132095052,44.9955182878184,11.867965413795,46.1321588949199,11.8484343436584,21.5280334810608,18.2367125305408,2008.70694335449,2011.99826430501,27135000
197,198,0.8466106372921,46.4697922118693,13.5445462754521,47.0073789731568,14.755713523365,20.6919111555939,19.8453005183018,2010.31553134226,2011.16214197955,27135000
197,50,7.243372767333,46.4697922118693,13.5445462754521,47.516231,14.550072,27.0886732856348,19.8453005183018,2010.31553134226,2017.55890410959,27135000
198,200,0.6435419649083,47.0073789731568,14.755713523365,46.9231571310433,15.6560367567644,21.3354531205022,20.6919111555939,2011.16214197955,2011.80568394446,27135000
198,199,0.8412181944488,47.0073789731568,14.755713523365,47.1293217942418,16.2232871074449,21.5331293500427,20.6919111555939,2011.16214197955,2012.003360174,27135000
199,52,4.731612503598,47.1293217942418,16.2232871074449,46.8416936,16.8416322,26.2647418536407,21.5331293500427,2012.003360174,2016.73497267759,27135000
199,51,7.561023387646,47.1293217942418,16.2232871074449,48.7163857,21.2610746,29.0941527376887,21.5331293500427,2012.003360174,2019.56438356164,27135000
200,201,1.000510887561,46.9231571310433,15.6560367567644,47.2332780501711,15.2043996561982,22.3359640080632,21.3354531205022,2011.80568394446,2012.80619483202,27135000
200,214,1.092641835035,46.9231571310433,15.6560367567644,46.2865398363722,17.1475506076886,22.4280949555372,21.3354531205022,2011.80568394446,2012.89832577949,27135000
201,202,0.650555781703,47.2332780501711,15.2043996561982,47.5061022391814,15.5757040586717,22.9865197897662,22.3359640080632,2012.80619483202,2013.45675061372,27135000
201,210,2.603239299504,47.2332780501711,15.2043996561982,49.1354048569076,14.3390832900165,24.9392033075672,22.3359640080632,2012.80619483202,2015.40943413152,27135000
202,203,3.209663122632,47.5061022391814,15.5757040586717,47.3861569641739,14.5563273405233,26.1961829123982,22.9865197897662,2013.45675061372,2016.66641373635,27135000
202,205,0.4053872034718,47.5061022391814,15.5757040586717,47.2523776434089,15.7903675928132,23.391906993238,22.9865197897662,2013.45675061372,2013.86213781719,27135000
203,55,0.04670101774581,47.3861569641739,14.5563273405233,47.516231,14.550072,26.242883930144,26.1961829123982,2016.66641373635,2016.7131147541,27135000
203,204,0.8276416281726,47.3861569641739,14.5563273405233,47.3239855648916,14.7026931376251,27.0238245405708,26.1961829123982,2016.66641373635,2017.49405536452,27135000
204,53,1.08950627931,47.3239855648916,14.7026931376251,48.3069096,14.285918,28.1133308198808,27.0238245405708,2017.49405536452,2018.58356164383,27135000
204,54,0.09772545739275,47.3239855648916,14.7026931376251,47.516231,14.550072,27.1215499979636,27.0238245405708,2017.49405536452,2017.59178082192,27135000
205,206,1.527935041701,47.2523776434089,15.7903675928132,47.5371992641613,16.9404841683537,24.919842034939,23.391906993238,2013.86213781719,2015.39007285889,27135000
205,56,2.804528849474,47.2523776434089,15.7903675928132,48.7739859,16.7623041,26.196435842712,23.391906993238,2013.86213781719,2016.66666666667,27135000
206,207,1.240214358918,47.5371992641613,16.9404841683537,47.5618519624618,16.613367083586,26.160056393857,24.919842034939,2015.39007285889,2016.63028721781,27135000
206,57,3.231844949326,47.5371992641613,16.9404841683537,47.7761125,16.3286015,28.151686984265,24.919842034939,2015.39007285889,2018.62191780822,27135000
207,61,2.065603193148,47.5618519624618,16.613367083586,48.1179477,16.5662578,28.225659587005,26.160056393857,2016.63028721781,2018.69589041096,27135000
207,208,0.1479782805093,47.5618519624618,16.613367083586,47.4955837301626,16.3518679380309,26.3080346743663,26.160056393857,2016.63028721781,2016.77826549832,27135000
208,60,1.859136397349,47.4955837301626,16.3518679380309,48.1485965,17.1077477,28.1671710717153,26.3080346743663,2016.77826549832,2018.63740189567,27135000
208,209,0.5255451685172,47.4955837301626,16.3518679380309,46.9374063823754,15.4366072421359,26.8335798428835,26.3080346743663,2016.77826549832,2017.30381066684,27135000
209,59,2.27701125097,46.9374063823754,15.4366072421359,45.8150108,15.981919,29.1105910938535,26.8335798428835,2017.30381066684,2019.58082191781,27135000
209,58,0.3975591961759,46.9374063823754,15.4366072421359,47.0678961,15.4417305,27.2311390390594,26.8335798428835,2017.30381066684,2017.70136986301,27135000
210,62,3.378743585872,49.1354048569076,14.3390832900165,51.3396955,12.3730747,28.3179468934392,24.9392033075672,2015.40943413152,2018.78817771739,27135000
210,211,0.5289329873647,49.1354048569076,14.3390832900165,48.935217079934,14.3423123589002,25.4681362949319,24.9392033075672,2015.40943413152,2015.93836711889,27135000
211,212,1.026203837227,48.935217079934,14.3423123589002,48.6942744884482,15.1551507046679,26.4943401321589,25.4681362949319,2015.93836711889,2016.96457095611,27135000
211,66,1.763002744127,48.935217079934,14.3423123589002,47.9352737,13.480546,27.2311390390589,25.4681362949319,2015.93836711889,2017.70136986301,27135000
212,65,5.701182468544,48.6942744884482,15.1551507046679,46.0652851,13.2373414,32.1955226007029,26.4943401321589,2016.96457095611,2022.66575342466,27135000
212,213,0.6196980913836,48.6942744884482,15.1551507046679,48.3747160607605,16.2434992175543,27.1140382235425,26.4943401321589,2016.96457095611,2017.5842690475,27135000
213,63,0.04312821277663,48.3747160607605,16.2434992175543,48.3025316,16.14906,27.1571664363191,27.1140382235425,2017.5842690475,2017.62739726027,27135000
213,64,0.1171008155164,48.3747160607605,16.2434992175543,48.4724292,16.2928756,27.2311390390589,27.1140382235425,2017.5842690475,2017.70136986301,27135000
214,215,0.2098945704184,46.2865398363722,17.1475506076886,46.6058150726532,17.3355951452524,22.6379895259556,22.4280949555372,2012.89832577949,2013.10822034991,27135000
214,228,1.771087008178,46.2865398363722,17.1475506076886,47.1583762308623,17.436667729458,24.1991819637152,22.4280949555372,2012.89832577949,2014.66941278767,27135000
215,216,3.386522469817,46.6058150726532,17.3355951452524,44.6220261147236,22.2481926038455,26.0245119957726,22.6379895259556,2013.10822034991,2016.49474281973,27135000
215,219,1.048028953347,46.6058150726532,17.3355951452524,46.9976549163469,16.7044070569063,23.6860184793026,22.6379895259556,2013.10822034991,2014.15624930326,27135000
216,70,3.015616990313,44.6220261147236,22.2481926038455,44.535548,26.2324886,29.0401289860856,26.0245119957726,2016.49474281973,2019.51035981004,27135000
216,217,3.805105355012,44.6220261147236,22.2481926038455,40.5387496952524,23.3872436878972,29.8296173507846,26.0245119957726,2016.49474281973,2020.29984817474,27135000
217,67,0.3832119345512,40.5387496952524,23.3872436878972,40.621173,23.1918021,30.2128292853358,29.8296173507846,2020.29984817474,2020.68306010929,27135000
217,218,0.1743326784269,40.5387496952524,23.3872436878972,40.3676733735833,23.5378102592337,30.0039500292115,29.8296173507846,2020.29984817474,2020.47418085317,27135000
218,69,2.265545174232,40.3676733735833,23.5378102592337,40.621173,23.1918021,32.2694952034435,30.0039500292115,2020.47418085317,2022.7397260274,27135000
218,68,0.1706278900041,40.3676733735833,23.5378102592337,40.621173,23.1918021,30.1745779192156,30.0039500292115,2020.47418085317,2020.64480874317,27135000
219,220,0.4254729270231,46.9976549163469,16.7044070569063,46.7880019984372,16.4466451278924,24.1114914063257,23.6860184793026,2014.15624930326,2014.58172223028,27135000
219,80,1.583476724141,46.9976549163469,16.7044070569063,46.5537589,16.5570474,25.2694952034436,23.6860184793026,2014.15624930326,2015.7397260274,27135000
220,222,0.9705504303497,46.7880019984372,16.4466451278924,46.9712306527543,15.2540284708591,25.0820418366754,24.1114914063257,2014.58172223028,2015.55227266063,27135000
220,221,3.196143409917,46.7880019984372,16.4466451278924,47.1877344167506,15.4841402139037,27.3076348162427,24.1114914063257,2014.58172223028,2017.7778656402,27135000
221,72,4.882408332406,47.1877344167506,15.4841402139037,46.0527405,14.4720881,32.1900431486487,27.3076348162427,2017.7778656402,2022.6602739726,27135000
221,71,0.8385727159679,47.1877344167506,15.4841402139037,49.0846859,14.717274,28.1462075322106,27.3076348162427,2017.7778656402,2018.61643835616,27135000
222,79,1.190896738278,46.9712306527543,15.2540284708591,48.1186571,16.6126378,26.2729385749534,25.0820418366754,2015.55227266063,2016.74316939891,27135000
222,223,0.4806537837401,46.9712306527543,15.2540284708591,46.7139316521503,15.4070745258548,25.5626956204155,25.0820418366754,2015.55227266063,2016.03292644437,27135000
223,78,2.676662596726,46.7139316521503,15.4070745258548,45.6717716,15.6507903,28.2393582171415,25.5626956204155,2016.03292644437,2018.7095890411,27135000
223,224,1.539864994241,46.7139316521503,15.4070745258548,46.9028659440995,15.3145790143313,27.1025606146565,25.5626956204155,2016.03292644437,2017.57279143861,27135000
224,225,0.06627161842095,46.9028659440995,15.3145790143313,46.9229979386025,15.3967227155945,27.1688322330774,27.1025606146565,2017.57279143861,2017.63906305703,27135000
224,73,1.027208561389,46.9028659440995,15.3145790143313,47.0678961,15.4417305,28.1297691760455,27.1025606146565,2017.57279143861,2018.6,27135000
225,226,0.1602260435552,46.9229979386025,15.3967227155945,47.170704003369,15.297437548771,27.3290582766327,27.1688322330774,2017.63906305703,2017.79928910059,27135000
225,74,0.9061424224207,46.9229979386025,15.3967227155945,45.8150108,15.981919,28.0749746554981,27.1688322330774,2017.63906305703,2018.54520547945,27135000
226,77,0.6787905928808,47.170704003369,15.297437548771,48.108077,15.8049558,28.0078488695134,27.3290582766327,2017.79928910059,2018.47807969347,27135000
226,227,0.2550181511705,47.170704003369,15.297437548771,46.9954913151134,15.2981586848455,27.5840764278032,27.3290582766327,2017.79928910059,2018.05430725176,27135000
227,75,0.62240507701,46.9954913151134,15.2981586848455,47.0678961,15.4417305,28.2064815048132,27.5840764278032,2018.05430725176,2018.67671232877,27135000
227,76,3.636103707147,46.9954913151134,15.2981586848455,48.2080696,16.3713095,31.2201801349502,27.5840764278032,2018.05430725176,2021.6904109589,27135000
228,229,0.2808540787302,47.1583762308623,17.436667729458,47.4708610878514,17.9060750003308,24.4800360424454,24.1991819637152,2014.66941278767,2014.9502668664,27135000
228,90,2.9725921994,47.1583762308623,17.436667729458,46.8416936,16.8416322,27.1717741631152,24.1991819637152,2014.66941278767,2017.64200498707,27135000
229,236,1.517361736836,47.4708610878514,17.9060750003308,46.7578573482898,19.9088027634497,25.9973977792814,24.4800360424454,2014.9502668664,2016.46762860324,27135000
229,230,1.001620272716,47.4708610878514,17.9060750003308,46.7556839235087,17.875883224295,25.4816563151614,24.4800360424454,2014.9502668664,2015.95188713912,27135000
230,87,1.792814546929,46.7556839235087,17.875883224295,46.7112802,19.8515197,27.2744708620904,25.4816563151614,2015.95188713912,2017.74470168604,27135000
230,231,0.1686182662931,46.7556839235087,17.875883224295,46.8155239157368,18.1141170795441,25.6502745814545,25.4816563151614,2015.95188713912,2016.12050540541,27135000
231,232,0.01052187087758,46.8155239157368,18.1141170795441,46.7413125477205,18.2407878767396,25.6607964523321,25.6502745814545,2016.12050540541,2016.13102727629,27135000
231,81,0.4532650863943,46.8155239157368,18.1141170795441,46.3593606,17.7967639,26.1035396678488,25.6502745814545,2016.12050540541,2016.5737704918,27135000
232,234,0.4352094636801,46.7413125477205,18.2407878767396,46.6130672218684,18.0870629115818,26.0960059160122,25.6607964523321,2016.13102727629,2016.56623673997,27135000
232,233,2.309283287236,46.7413125477205,18.2407878767396,47.3321491937149,19.2725570982482,27.9700797395681,25.6607964523321,2016.13102727629,2018.44031056352,27135000
233,82,0.2776558547896,47.3321491937149,19.2725570982482,47.162494,19.503304,28.2477355943577,27.9700797395681,2018.44031056352,2018.71796641831,27135000
233,83,0.1424913444667,47.3321491937149,19.2725570982482,47.497912,19.040235,28.1125710840348,27.9700797395681,2018.44031056352,2018.58280190799,27135000
234,86,1.121162612676,46.6130672218684,18.0870629115818,46.3593606,17.7967639,27.2171685286882,26.0960059160122,2016.56623673997,2017.68739935264,27135000
234,235,1.840379309595,46.6130672218684,18.0870629115818,47.992281633475,16.5683011196772,27.9363852256072,26.0960059160122,2016.56623673997,2018.40661604956,27135000
235,85,0.1358497038629,47.992281633475,16.5683011196772,48.1179477,16.5662578,28.0722349294701,27.9363852256072,2018.40661604956,2018.54246575342,27135000
235,84,1.255200449437,47.992281633475,16.5683011196772,48.3299361,16.9121254,29.1915856750442,27.9363852256072,2018.40661604956,2019.661816499,27135000
236,88,0.09794516725639,46.7578573482898,19.9088027634497,46.8963711,19.6896861,26.0953429465378,25.9973977792814,2016.46762860324,2016.56557377049,27135000
236,89,1.149017829971,46.7578573482898,19.9088027634497,47.497912,19.040235,27.1464156092524,25.9973977792814,2016.46762860324,2017.61664643321,27135000
237,244,0.5203923180193,46.1321588949199,11.8484343436584,45.5675612771609,11.6479945293918,22.0484257990801,21.5280334810608,2011.99826430501,2012.51865662303,27135000
237,238,1.880399415277,46.1321588949199,11.8484343436584,44.8164152672311,11.9199334386106,23.4084328963378,21.5280334810608,2011.99826430501,2013.87866372029,27135000
238,239,0.2240447084233,44.8164152672311,11.9199334386106,45.2353709860151,12.0737666253408,23.6324776047611,23.4084328963378,2013.87866372029,2014.10270842872,27135000
238,91,1.789829430393,44.8164152672311,11.9199334386106,45.4383659,10.9917136,25.1982623267308,23.4084328963378,2013.87866372029,2015.66849315068,27135000
239,97,3.437017598682,45.2353709860151,12.0737666253408,45.440379,12.3159547,27.0694952034431,23.6324776047611,2014.10270842872,2017.5397260274,27135000
239,240,0.3035097224343,45.2353709860151,12.0737666253408,45.3625177755558,12.3906873404219,23.9359873271954,23.6324776047611,2014.10270842872,2014.40621815115,27135000
240,242,0.07432505067723,45.3625177755558,12.3906873404219,45.6144297872057,12.0519001632026,24.0103123778726,23.9359873271954,2014.40621815115,2014.48054320183,27135000
240,241,2.62310056329,45.3625177755558,12.3906873404219,46.1874715317748,12.8585682988017,26.5590878904854,23.9359873271954,2014.40621815115,2017.02931871444,27135000
241,93,5.543284025287,46.1874715317748,12.8585682988017,45.4790671,9.8452433,32.1023719157724,26.5590878904854,2017.02931871444,2022.57260273973,27135000
241,92,1.587119641725,46.1874715317748,12.8585682988017,46.0652851,13.2373414,28.1462075322104,26.5590878904854,2017.02931871444,2018.61643835616,27135000
242,243,7.071788847128,45.6144297872057,12.0519001632026,45.163082884108,11.7630319571861,31.0821012250006,24.0103123778726,2014.48054320183,2021.55233204895,27135000
242,96,2.120549694348,45.6144297872057,12.0519001632026,45.6669338,12.2430608,26.1308620722206,24.0103123778726,2014.48054320183,2016.60109289617,27135000
243,95,2.313421375703,45.163082884108,11.7630319571861,45.3920141,11.5755758,33.3955226007036,31.0821012250006,2021.55233204895,2023.86575342466,27135000
243,94,2.094243293511,45.163082884108,11.7630319571861,45.7623333,11.690976,33.1763445185116,31.0821012250006,2021.55233204895,2023.64657534247,27135000
244,245,0.1787354429179,45.5675612771609,11.6479945293918,45.3314806562034,11.9262528428012,22.227161241998,22.0484257990801,2012.51865662303,2012.69739206595,27135000
244,247,2.01020415385,45.5675612771609,11.6479945293918,46.194918056879,12.1933824474665,24.0586299529301,22.0484257990801,2012.51865662303,2014.52886077688,27135000
245,100,5.812196975143,45.3314806562034,11.9262528428012,45.4105029,11.8782071,28.039358217141,22.227161241998,2012.69739206595,2018.50958904109,27135000
245,246,7.987614011994,45.3314806562034,11.9262528428012,46.7886807330161,11.0692046745763,30.214775253992,22.227161241998,2012.69739206595,2020.68500607795,27135000
246,98,1.857459675478,46.7886807330161,11.0692046745763,45.440379,12.3159547,32.07223492947,30.214775253992,2020.68500607795,2022.54246575342,27135000
246,99,3.062939127533,46.7886807330161,11.0692046745763,45.5215467,10.8379705,33.277714381525,30.214775253992,2020.68500607795,2023.74794520548,27135000
247,248,2.449195030859,46.194918056879,12.1933824474665,45.8859849603923,12.7308489943523,26.5078249837891,24.0586299529301,2014.52886077688,2016.97805580774,27135000
247,101,4.142372099828,46.194918056879,12.1933824474665,45.6669338,12.2430608,28.2010020527581,24.0586299529301,2014.52886077688,2018.67123287671,27135000
248,103,0.7150948771876,45.8859849603923,12.7308489943523,45.440379,12.3159547,27.2229198609767,26.5078249837891,2016.97805580774,2017.69315068493,27135000
248,102,0.9476641974888,45.8859849603923,12.7308489943523,46.0652851,13.2373414,27.4554891812779,26.5078249837891,2016.97805580774,2017.92572000523,27135000
249,107,6.413405813232,43.5932550002524,12.9384871116649,44.9802679,11.9787016,22.7564268332023,16.3430210199703,2006.81325184392,2013.22665765716,27135000
249,250,11.52616635777,43.5932550002524,12.9384871116649,42.7900492567873,13.7504914761245,27.8691873777403,16.3430210199703,2006.81325184392,2018.33941820169,27135000
250,106,0.2934585106296,42.7900492567873,13.7504914761245,42.9200877,13.8360359,28.1626458883699,27.8691873777403,2018.33941820169,2018.63287671232,27135000
250,105,0.07772418731165,42.7900492567873,13.7504914761245,42.8541038,13.5688164,27.946911565052,27.8691873777403,2018.33941820169,2018.41714238901,27135000
251,114,2.457860525655,43.2185533458962,11.4411654984054,41.87194,12.56738,18.9063646876089,16.4485041619539,2006.91873498591,2009.37659551156,27135000
251,252,1.875271640692,43.2185533458962,11.4411654984054,45.1738106066911,11.9680893732442,18.3237758026459,16.4485041619539,2006.91873498591,2008.7940066266,27135000
252,253,0.65604887244,45.1738106066911,11.9680893732442,45.620606471875,12.140193724378,18.9798246750859,18.3237758026459,2008.7940066266,2009.45005549904,27135000
252,113,0.5101029624405,45.1738106066911,11.9680893732442,45.6669338,12.2430608,18.8338787650864,18.3237758026459,2008.7940066266,2009.30410958904,27135000
253,254,1.229016249471,45.620606471875,12.140193724378,45.9148949744164,12.2937574809835,20.2088409245569,18.9798246750859,2009.45005549904,2010.67907174851,27135000
253,112,0.333506144795,45.620606471875,12.140193724378,45.6669338,12.2430608,19.3133308198809,18.9798246750859,2009.45005549904,2009.78356164383,27135000
254,255,2.301051121441,45.9148949744164,12.2937574809835,45.670970099264,11.3449339585057,22.5098920459979,20.2088409245569,2010.67907174851,2012.98012286995,27135000
254,111,1.99305939903,45.9148949744164,12.2937574809835,45.6669338,12.2430608,22.2019003235869,20.2088409245569,2010.67907174851,2012.67213114754,27135000
255,256,1.258252724135,45.670970099264,11.3449339585057,45.5750201532397,11.5171049844282,23.7681447701329,22.5098920459979,2012.98012286995,2014.23837559409,27135000
255,108,2.625356582102,45.670970099264,11.3449339585057,45.440379,12.3159547,25.1352486280999,22.5098920459979,2012.98012286995,2015.60547945205,27135000
256,109,0.4109394744057,45.5750201532397,11.5171049844282,45.440379,12.3159547,24.1790842445386,23.7681447701329,2014.23837559409,2014.64931506849,27135000
256,110,2.324465935967,45.5750201532397,11.5171049844282,45.9400855,13.6203249,26.0926107060999,23.7681447701329,2014.23837559409,2016.56284153005,27135000
257,258,0.7357503144367,46.6949967009443,16.6595572801841,46.9412408249547,16.6049757979313,8.3882733188287,7.652523004392,1998.12275382835,1998.85850414278,27135000
257,267,0.5813235682723,46.6949967009443,16.6595572801841,47.3868539701728,16.6496796138985,8.2338465726643,7.652523004392,1998.12275382835,1998.70407739662,27135000
258,259,1.851874250432,46.9412408249547,16.6049757979313,47.5163659191231,15.7082359987864,10.2401475692607,8.3882733188287,1998.85850414278,2000.71037839321,27135000
258,260,0.8132552418171,46.9412408249547,16.6049757979313,47.0436841981919,17.7931646151585,9.2015285606458,8.3882733188287,1998.85850414278,1999.6717593846,27135000
259,115,3.299828307651,47.5163659191231,15.7082359987864,48.0296979,14.7108083,13.5399758769117,10.2401475692607,2000.71037839321,2004.01020670087,27135000
259,116,12.88688188076,47.5163659191231,15.7082359987864,49.817492,15.472962,23.1270294500207,10.2401475692607,2000.71037839321,2013.59726027397,27135000
260,124,6.293457727571,47.0436841981919,17.7931646151585,47.497912,19.040235,15.4949862882168,9.2015285606458,1999.6717593846,2005.96521711217,27135000
260,261,1.338647898841,47.0436841981919,17.7931646151585,47.2144897108917,18.9130302586477,10.5401764594868,9.2015285606458,1999.6717593846,2001.01040728344,27135000
261,262,5.735115295883,47.2144897108917,18.9130302586477,47.6716232643698,18.4003107544827,16.2752917553698,10.5401764594868,2001.01040728344,2006.74552257932,27135000
261,266,0.8905094714939,47.2144897108917,18.9130302586477,46.8390477299074,18.9529705117359,11.4306859309807,10.5401764594868,2001.01040728344,2001.90091675493,27135000
262,121,5.013381530264,47.6716232643698,18.4003107544827,47.7841803,19.1351781,21.2886732856338,16.2752917553698,2006.74552257932,2011.75890410959,27135000
262,263,2.174644656879,47.6716232643698,18.4003107544827,48.6160456742389,18.1944578640022,18.4499364122488,16.2752917553698,2006.74552257932,2008.9201672362,27135000
263,264,7.918074980087,48.6160456742389,18.1944578640022,49.2485677280827,16.3576563583024,26.3680113923358,18.4499364122488,2008.9201672362,2016.83824221629,27135000
263,120,2.474353311741,48.6160456742389,18.1944578640022,49.817492,15.472962,20.9242897239898,18.4499364122488,2008.9201672362,2011.39452054794,27135000
264,117,0.7617577837086,49.2485677280827,16.3576563583024,49.1950602,16.6068371,27.1297691760444,26.3680113923358,2016.83824221629,2017.6,27135000
264,265,0.5555004425033,49.2485677280827,16.3576563583024,49.1613207793441,16.9127147249365,26.9235118348391,26.3680113923358,2016.83824221629,2017.39374265879,27135000
265,119,1.113106656274,49.1613207793441,16.9127147249365,49.1950602,16.6068371,28.0366184911131,26.9235118348391,2017.39374265879,2018.50684931507,27135000
265,118,0.1103669302464,49.1613207793441,16.9127147249365,49.1950602,16.6068371,27.0338787650855,26.9235118348391,2017.39374265879,2017.50410958904,27135000
266,123,12.72591633373,46.8390477299074,18.9529705117359,45.2052775,20.294612,24.1566022647107,11.4306859309807,2001.90091675493,2014.62683308866,27135000
266,122,8.770316121777,46.8390477299074,18.9529705117359,46.956503,19.2880496,20.2010020527577,11.4306859309807,2001.90091675493,2010.67123287671,27135000
267,269,0.4191510001942,47.3868539701728,16.6496796138985,47.3403810542315,16.0007096992362,8.6529975728585,8.2338465726643,1998.70407739662,1999.12322839681,27135000
267,268,2.545355106517,47.3868539701728,16.6496796138985,47.8115068580512,17.0067619860519,10.7792016791813,8.2338465726643,1998.70407739662,2001.24943250314,27135000
268,126,14.56700585303,47.8115068580512,17.0067619860519,47.8439484,22.3567615,25.3462075322113,10.7792016791813,2001.24943250314,2015.81643835617,27135000
268,125,1.40810174344,47.8115068580512,17.0067619860519,48.00214,16.23091,12.1873034226213,10.7792016791813,2001.24943250314,2002.65753424658,27135000
269,128,3.961803125736,47.3403810542315,16.0007096992362,48.3162908,16.6361849,12.6148006985945,8.6529975728585,1999.12322839681,2003.08503152255,27135000
269,127,2.159328676913,47.3403810542315,16.0007096992362,47.516231,14.550072,10.8123262497715,8.6529975728585,1999.12322839681,2001.28255707373,27135000
270,271,5.694399774433,48.1972363214694,10.8860094987954,49.2944308549894,9.65528942438777,8.05495109163,2.360551317197,1992.83078214115,1998.52518191558,27135000
270,141,25.91193934179,48.1972363214694,10.8860094987954,50.560234,4.6917821,28.272490658987,2.360551317197,1992.83078214115,2018.74272148294,27135000
271,274,1.345456101948,49.2944308549894,9.65528942438777,49.7191251244315,10.6437835504588,9.400407193578,8.05495109163,1998.52518191558,1999.87063801753,27135000
271,272,4.413218784541,49.2944308549894,9.65528942438777,48.7384888594663,12.7573030904083,12.468169876171,8.05495109163,1998.52518191558,2002.93840070012,27135000
272,273,7.373798739697,48.7384888594663,12.7573030904083,49.3234043415485,14.2989030291963,19.841968615868,12.468169876171,2002.93840070012,2010.31219943982,27135000
272,129,6.576667793026,48.7384888594663,12.7573030904083,44.494887,11.3426163,19.044837669197,12.468169876171,2002.93840070012,2009.51506849315,27135000
273,130,7.931534696849,49.3234043415485,14.2989030291963,49.445396,11.1404522,27.773503312717,19.841968615868,2010.31219943982,2018.24373413667,27135000
273,131,11.1398553547,49.3234043415485,14.2989030291963,49.817492,15.472962,30.981823970568,19.841968615868,2010.31219943982,2021.45205479452,27135000
274,275,5.14657231788,49.7191251244315,10.6437835504588,48.5877070647096,9.30322898866355,14.546979511458,9.400407193578,1999.87063801753,2005.01721033541,27135000
274,279,8.601225995912,49.7191251244315,10.6437835504588,51.2646536325447,9.90383013012934,18.00163318949,9.400407193578,1999.87063801753,2008.47186401344,27135000
275,276,2.676651006638,48.5877070647096,9.30322898866355,47.2445263025562,10.3432383502497,17.223630518096,14.546979511458,2005.01721033541,2007.69386134205,27135000
275,132,12.29262410874,48.5877070647096,9.30322898866355,46.818188,8.227512,26.839603620198,14.546979511458,2005.01721033541,2017.30983444415,27135000
276,277,8.405042952072,47.2445263025562,10.3432383502497,47.038056417844,8.04985594262395,25.628673470168,17.223630518096,2007.69386134205,2016.09890429412,27135000
276,136,2.87326194562,47.2445263025562,10.3432383502497,44.7030966,10.6346153,20.096892463716,17.223630518096,2007.69386134205,2010.56712328767,27135000
277,133,0.6442651047839,47.038056417844,8.04985594262395,46.331734,8.8004529,26.2729385749519,25.628673470168,2016.09890429412,2016.74316939891,27135000
277,278,1.23398052763,47.038056417844,8.04985594262395,47.2537598030784,7.74035062537676,26.862653997798,25.628673470168,2016.09890429412,2017.33288482175,27135000
278,134,1.236546945692,47.2537598030784,7.74035062537676,47.9990077,7.8421043,28.09920094349,26.862653997798,2017.33288482175,2018.56943176744,27135000
278,135,0.7250814185827,47.2537598030784,7.74035062537676,46.818188,8.227512,27.5877354163807,26.862653997798,2017.33288482175,2018.05796624033,27135000
279,280,6.536645852865,51.2646536325447,9.90383013012934,51.6209555384337,10.5817888656731,24.538279042355,18.00163318949,2008.47186401344,2015.00850986631,27135000
279,137,2.667695560753,51.2646536325447,9.90383013012934,51.165691,10.451526,20.669328750243,18.00163318949,2008.47186401344,2011.1395595742,27135000
280,281,0.8943109475911,51.6209555384337,10.5817888656731,51.3534075732355,10.6983227804714,25.4325899899461,24.538279042355,2015.00850986631,2015.9028208139,27135000
280,140,1.313414500174,51.6209555384337,10.5817888656731,51.165691,10.451526,25.851693542529,24.538279042355,2015.00850986631,2016.32192436648,27135000
281,138,2.556412746886,51.3534075732355,10.6983227804714,53.5252333,10.3153293,27.9890027368321,25.4325899899461,2015.9028208139,2018.45923356079,27135000
281,139,2.982360484556,51.3534075732355,10.6983227804714,50.1431461,9.1438073,28.4149504745021,25.4325899899461,2015.9028208139,2018.88518129846,27135000
