73
OR573993|AS201700147|branta_ruficollis|NL|2017-08-15                                    0.0000000 0.0029467 0.0020548 0.0027460 0.0021524 0.0037453 0.0026478 0.0055635 0.0053606 0.0056653 0.0057673 0.0058651 0.0058655 0.0053610 0.0053584 0.0053554 0.0057600 0.0056647 0.0044496 0.0043490 0.0043475 0.0053579 0.0052552 0.0047517 0.0046527 0.0044480 0.0044478 0.0043489 0.0046489 0.0046492 0.0046492 0.0047514 0.0046505 0.0049528 0.0048563 0.0049522 0.0049511 0.0049510 0.0051567 0.0050548 0.0048504 0.0056621 0.0063741 0.0059668 0.0058650 0.0047500 0.0062787 0.0041441 0.0039443 0.0031452 0.0028468 0.0030448 0.0033450 0.0032446 0.0039447 0.0037430 0.0051502 0.0058612 0.0056625 0.0065764 0.0048512 0.0063782 0.0061742 0.0065843 0.0054594 0.0062774 0.0056618 0.0056615 0.0064874 0.0061694 0.0060286 0.0059963 0.0057810 
NA|AS20190530|turdus_merula|NL|2019-08-19                                               0.0029467 0.0000000 0.0028487 0.0019570 0.0013667 0.0027494 0.0018591 0.0059757 0.0057719 0.0060779 0.0061803 0.0064828 0.0062787 0.0057723 0.0057695 0.0057663 0.0061724 0.0060772 0.0048570 0.0047560 0.0047543 0.0057690 0.0056658 0.0051604 0.0050611 0.0048553 0.0048550 0.0047559 0.0050570 0.0050573 0.0050573 0.0051600 0.0050587 0.0053622 0.0052656 0.0053616 0.0053603 0.0053603 0.0055670 0.0054646 0.0052592 0.0060744 0.0067904 0.0063803 0.0062781 0.0051585 0.0066950 0.0045499 0.0043493 0.0035469 0.0032473 0.0034460 0.0037476 0.0036467 0.0043498 0.0041471 0.0055600 0.0062741 0.0060749 0.0069925 0.0052602 0.0067948 0.0065889 0.0070008 0.0058709 0.0066936 0.0060741 0.0060738 0.0069049 0.0065848 0.0064466 0.0064955 0.0061355 
MN122166|AS201600133|turdus_merula|NL|2016-09-23                                        0.0020548 0.0028487 0.0000000 0.0026481 0.0020547 0.0036470 0.0025499 0.0052616 0.0050590 0.0053632 0.0054650 0.0057661 0.0055632 0.0050594 0.0050570 0.0050541 0.0054581 0.0053626 0.0041498 0.0040494 0.0040480 0.0050565 0.0049541 0.0044515 0.0043525 0.0041484 0.0041482 0.0040494 0.0043490 0.0043493 0.0043493 0.0044511 0.0043505 0.0046522 0.0045556 0.0046517 0.0046506 0.0046506 0.0048556 0.0047539 0.0045500 0.0053601 0.0058670 0.0056643 0.0055626 0.0044499 0.0059753 0.0038453 0.0036457 0.0028482 0.0025504 0.0027481 0.0030476 0.0029475 0.0036462 0.0034449 0.0048495 0.0055591 0.0053605 0.0062719 0.0045508 0.0060747 0.0058711 0.0062794 0.0051578 0.0059740 0.0053599 0.0053596 0.0061834 0.0058666 0.0057229 0.0056314 0.0055522 
MN122213|AS201700248|turdus_merula|NL|2017-09-20                                        0.0027460 0.0019570 0.0026481 0.0000000 0.0009740 0.0027492 0.0016608 0.0057673 0.0055640 0.0058692 0.0059714 0.0062733 0.0060696 0.0055644 0.0055617 0.0053557 0.0057603 0.0056651 0.0044498 0.0043492 0.0043477 0.0055612 0.0052555 0.0049540 0.0046530 0.0044483 0.0044480 0.0042486 0.0046492 0.0046495 0.0046495 0.0047517 0.0046508 0.0049531 0.0048566 0.0049525 0.0049514 0.0049513 0.0051570 0.0050551 0.0048506 0.0058658 0.0063744 0.0059671 0.0058653 0.0047503 0.0062791 0.0043452 0.0041450 0.0033446 0.0030457 0.0032440 0.0035448 0.0034442 0.0041455 0.0039434 0.0051505 0.0058616 0.0056628 0.0063714 0.0048515 0.0063786 0.0061746 0.0065847 0.0054598 0.0064823 0.0056622 0.0056618 0.0062831 0.0061698 0.0060290 0.0061202 0.0054342 
KY315178|Gracula_religiosa/U1609393/Belgium/2016|gracula_religiosa|BE|2016-10-03        0.0021524 0.0013667 0.0020547 0.0009740 0.0000000 0.0021549 0.0010721 0.0051581 0.0049558 0.0052596 0.0053612 0.0056621 0.0054594 0.0049562 0.0049538 0.0049510 0.0053545 0.0052590 0.0040478 0.0039475 0.0039461 0.0049534 0.0048511 0.0043490 0.0042501 0.0040464 0.0040462 0.0039475 0.0042467 0.0042470 0.0042470 0.0043487 0.0042482 0.0045495 0.0044529 0.0045490 0.0045480 0.0045479 0.0047526 0.0046511 0.0044475 0.0052566 0.0059664 0.0055604 0.0054589 0.0043475 0.0058710 0.0037437 0.0035444 0.0027478 0.0024503 0.0026478 0.0029469 0.0028470 0.0035448 0.0033438 0.0047467 0.0054554 0.0052570 0.0061673 0.0044483 0.0059703 0.0057669 0.0061746 0.0050545 0.0058697 0.0052564 0.0052561 0.0060787 0.0057625 0.0056179 0.0055062 0.0053182 
NA|AS20221798|turdus_merula|NL|2022-08-30                                               0.0037453 0.0027494 0.0036470 0.0027492 0.0021549 0.0000000 0.0026509 0.0067972 0.0063860 0.0066946 0.0067977 0.0073076 0.0071020 0.0065914 0.0065892 0.0065855 0.0069945 0.0068994 0.0056696 0.0055679 0.0055660 0.0065887 0.0064835 0.0059750 0.0058754 0.0056677 0.0056673 0.0055679 0.0058706 0.0058710 0.0058710 0.0059746 0.0058726 0.0061781 0.0060816 0.0061773 0.0061759 0.0061758 0.0063845 0.0062813 0.0060741 0.0068962 0.0076162 0.0072043 0.0071013 0.0059729 0.0075211 0.0053597 0.0051579 0.0043501 0.0040484 0.0042482 0.0043508 0.0044506 0.0051585 0.0049541 0.0061721 0.0070968 0.0068967 0.0078193 0.0059732 0.0076212 0.0074149 0.0078287 0.0066913 0.0075194 0.0066905 0.0068955 0.0073191 0.0074091 0.0072793 0.0072382 0.0067211 
MT133690|UV/BlackBird/Sweden/SVA190801SZ0368/VLT001567/2019|turdus_merula|SE|2019-08-01 0.0026478 0.0018591 0.0025499 0.0016608 0.0010721 0.0026509 0.0000000 0.0056676 0.0054644 0.0057695 0.0058717 0.0061735 0.0059699 0.0054648 0.0054622 0.0054591 0.0058642 0.0057689 0.0045522 0.0044515 0.0044500 0.0054617 0.0053588 0.0048548 0.0047557 0.0045507 0.0045504 0.0044515 0.0047518 0.0047521 0.0047521 0.0048544 0.0047534 0.0050561 0.0049595 0.0048533 0.0050543 0.0050543 0.0052602 0.0051582 0.0049535 0.0057662 0.0064791 0.0060713 0.0059694 0.0048531 0.0063838 0.0042463 0.0040462 0.0032461 0.0029473 0.0031456 0.0034462 0.0033457 0.0038462 0.0036446 0.0052536 0.0059656 0.0055633 0.0066818 0.0049544 0.0062787 0.0062791 0.0066897 0.0053603 0.0063824 0.0057660 0.0057657 0.0065928 0.0062742 0.0061343 0.0061225 0.0056679 
KY263626|NA|turdus_merula|BE|2016-09                                                    0.0055635 0.0059757 0.0052616 0.0057673 0.0051581 0.0067972 0.0056676 0.0000000 0.0017614 0.0020574 0.0021563 0.0024517 0.0022539 0.0011707 0.0007790 0.0025500 0.0031452 0.0026513 0.0016624 0.0015640 0.0015634 0.0017605 0.0024514 0.0011711 0.0018600 0.0016618 0.0016617 0.0015640 0.0018586 0.0018587 0.0018587 0.0019578 0.0018592 0.0021551 0.0020582 0.0021549 0.0021544 0.0021544 0.0023536 0.0022543 0.0022533 0.0018590 0.0035455 0.0031469 0.0030474 0.0019573 0.0034493 0.0039482 0.0041491 0.0031484 0.0030487 0.0040507 0.0031493 0.0030487 0.0039488 0.0035472 0.0039481 0.0044515 0.0028489 0.0037437 0.0020561 0.0035477 0.0033481 0.0037481 0.0026503 0.0026518 0.0028486 0.0028484 0.0050685 0.0035453 0.0033805 0.0027237 0.0030271 
MN122152|AS201600060|turdus_merula|NL|2016-09-12                                        0.0053606 0.0057719 0.0050590 0.0055640 0.0049558 0.0063860 0.0054644 0.0017614 0.0000000 0.0008770 0.0009748 0.0022538 0.0020563 0.0015646 0.0015638 0.0023520 0.0029463 0.0024530 0.0014657 0.0013674 0.0013670 0.0015637 0.0022535 0.0009751 0.0016630 0.0014652 0.0014651 0.0013674 0.0016617 0.0016618 0.0016618 0.0017607 0.0016622 0.0019577 0.0018607 0.0017603 0.0019570 0.0019570 0.0021558 0.0020567 0.0020558 0.0018590 0.0033459 0.0029479 0.0028485 0.0017602 0.0032496 0.0037478 0.0039484 0.0029493 0.0028497 0.0038500 0.0029502 0.0028497 0.0037484 0.0033475 0.0037478 0.0041500 0.0026504 0.0035439 0.0018588 0.0033480 0.0031487 0.0035480 0.0024521 0.0024534 0.0026501 0.0026499 0.0048658 0.0033457 0.0031792 0.0024846 0.0025740 
MN122196|AS201700103|turdus_merula|NL|2017-07-19                                        0.0056653 0.0060779 0.0053632 0.0058692 0.0052596 0.0066946 0.0057695 0.0020574 0.0008770 0.0000000 0.0012688 0.0025509 0.0023529 0.0018601 0.0018593 0.0026491 0.0032449 0.0027507 0.0017609 0.0016624 0.0016619 0.0018591 0.0025505 0.0012692 0.0019588 0.0017603 0.0017602 0.0016624 0.0019572 0.0019573 0.0019573 0.0020566 0.0019579 0.0022540 0.0021571 0.0020561 0.0022532 0.0022532 0.0024527 0.0023533 0.0023523 0.0021551 0.0036455 0.0032466 0.0031470 0.0020560 0.0035493 0.0040486 0.0042497 0.0032482 0.0031483 0.0041512 0.0032491 0.0031483 0.0040493 0.0036473 0.0040485 0.0044519 0.0029484 0.0038439 0.0021549 0.0036478 0.0034481 0.0038483 0.0027497 0.0027512 0.0029481 0.0029479 0.0051701 0.0036453 0.0034815 0.0029634 0.0029137 
MN122203|AS201700127|turdus_merula|NL|2017-07-30                                        0.0057673 0.0061803 0.0054650 0.0059714 0.0053612 0.0067977 0.0058717 0.0021563 0.0009748 0.0012688 0.0000000 0.0026502 0.0024520 0.0017616 0.0019580 0.0027485 0.0033447 0.0028502 0.0018595 0.0017610 0.0017604 0.0019578 0.0026498 0.0013674 0.0020576 0.0018589 0.0018588 0.0017610 0.0020560 0.0020561 0.0020561 0.0021555 0.0020567 0.0023531 0.0022561 0.0021550 0.0023523 0.0023522 0.0025520 0.0024525 0.0024514 0.0022541 0.0037458 0.0033465 0.0032468 0.0021549 0.0036496 0.0041492 0.0042499 0.0033481 0.0032482 0.0042520 0.0033490 0.0032482 0.0041499 0.0037476 0.0039484 0.0045529 0.0030480 0.0039442 0.0022539 0.0035480 0.0033484 0.0037483 0.0028491 0.0028507 0.0030477 0.0030475 0.0052719 0.0037455 0.0035826 0.0029636 0.0028005 
MN122235|AS201800112|turdus_merula|NL|2018-08-14                                        0.0058651 0.0064828 0.0057661 0.0062733 0.0056621 0.0073076 0.0061735 0.0024517 0.0022538 0.0025509 0.0026502 0.0000000 0.0017586 0.0022540 0.0022529 0.0028462 0.0034426 0.0031468 0.0021543 0.0020556 0.0020549 0.0012677 0.0027476 0.0016613 0.0023528 0.0021536 0.0021535 0.0020556 0.0023510 0.0023511 0.0023511 0.0024507 0.0023518 0.0024508 0.0025518 0.0026483 0.0026477 0.0026477 0.0026497 0.0027483 0.0027470 0.0017586 0.0040437 0.0036438 0.0035439 0.0024501 0.0037477 0.0044480 0.0046497 0.0036455 0.0035454 0.0045511 0.0036465 0.0035454 0.0044487 0.0040456 0.0044479 0.0047518 0.0031456 0.0042423 0.0025492 0.0040462 0.0038460 0.0042472 0.0031456 0.0021542 0.0031456 0.0031454 0.0055733 0.0038435 0.0036815 0.0021240 0.0035935 
MN122177|AS201600253|turdus_merula|NL|2016-09-27                                        0.0058655 0.0062787 0.0055632 0.0060696 0.0054594 0.0071020 0.0059699 0.0022539 0.0020563 0.0023529 0.0024520 0.0017586 0.0000000 0.0020565 0.0020555 0.0026480 0.0032435 0.0029479 0.0019570 0.0018585 0.0018578 0.0012676 0.0025494 0.0014648 0.0021552 0.0019564 0.0019563 0.0018585 0.0021535 0.0021536 0.0021536 0.0022530 0.0021542 0.0022530 0.0023538 0.0024504 0.0024498 0.0024498 0.0024517 0.0025501 0.0025489 0.0017585 0.0038436 0.0034443 0.0033445 0.0022524 0.0035478 0.0042471 0.0044485 0.0034459 0.0033459 0.0043500 0.0034469 0.0033460 0.0042478 0.0038454 0.0042471 0.0045504 0.0029468 0.0040420 0.0023514 0.0038460 0.0036460 0.0040467 0.0029468 0.0021540 0.0029468 0.0029466 0.0053702 0.0036437 0.0034799 0.0020049 0.0031388 
MN122188|AS201700024|turdus_merula|NL|2017-04-11                                        0.0053610 0.0057723 0.0050594 0.0055644 0.0049562 0.0065914 0.0054648 0.0011707 0.0015646 0.0018601 0.0017616 0.0022540 0.0020565 0.0000000 0.0009745 0.0023521 0.0029465 0.0024532 0.0014658 0.0013675 0.0013670 0.0015638 0.0022537 0.0009752 0.0016631 0.0014653 0.0014652 0.0013675 0.0016618 0.0016619 0.0016619 0.0017608 0.0016623 0.0019578 0.0018608 0.0019576 0.0019571 0.0019571 0.0021559 0.0020568 0.0020559 0.0018591 0.0033462 0.0029481 0.0028487 0.0017603 0.0032499 0.0037481 0.0039487 0.0029495 0.0028499 0.0038503 0.0029504 0.0028499 0.0037487 0.0033478 0.0037480 0.0042506 0.0026506 0.0035442 0.0018590 0.0033482 0.0031489 0.0035482 0.0024523 0.0024536 0.0026503 0.0026501 0.0048662 0.0033459 0.0029783 0.0022459 0.0024611 
MN122192|AS201700086|turdus_merula|NL|2017-07-11                                        0.0053584 0.0057695 0.0050570 0.0055617 0.0049538 0.0065892 0.0054622 0.0007790 0.0015638 0.0018593 0.0019580 0.0022529 0.0020555 0.0009745 0.0000000 0.0023510 0.0029451 0.0024520 0.0014651 0.0013669 0.0013664 0.0015631 0.0022526 0.0009747 0.0016623 0.0014646 0.0014645 0.0013669 0.0016610 0.0016611 0.0016611 0.0017600 0.0016615 0.0019569 0.0018600 0.0019567 0.0019562 0.0019562 0.0021549 0.0020559 0.0020550 0.0018583 0.0033446 0.0029467 0.0028474 0.0017595 0.0032483 0.0037463 0.0039468 0.0029481 0.0028486 0.0038485 0.0029490 0.0028486 0.0037469 0.0033462 0.0037463 0.0042486 0.0026493 0.0035425 0.0018581 0.0033467 0.0031475 0.0035466 0.0024511 0.0024525 0.0026490 0.0026489 0.0048638 0.0033443 0.0031779 0.0022447 0.0026859 
MN122198|AS201700109|turdus_merula|NL|2017-07-25                                        0.0053554 0.0057663 0.0050541 0.0053557 0.0049510 0.0065855 0.0054591 0.0025500 0.0023520 0.0026491 0.0027485 0.0028462 0.0026480 0.0023521 0.0023510 0.0000000 0.0011694 0.0024507 0.0012680 0.0011700 0.0011697 0.0023508 0.0004861 0.0017592 0.0014648 0.0012676 0.0012676 0.0011700 0.0014636 0.0014637 0.0014637 0.0015624 0.0014641 0.0015624 0.0016620 0.0017587 0.0017583 0.0017582 0.0011705 0.0018576 0.0018568 0.0026477 0.0031436 0.0027466 0.0026475 0.0015619 0.0014657 0.0037442 0.0039447 0.0029466 0.0028470 0.0038464 0.0029474 0.0028471 0.0037449 0.0033444 0.0035443 0.0038455 0.0024498 0.0033412 0.0016603 0.0031456 0.0029468 0.0033450 0.0022520 0.0032459 0.0022520 0.0022519 0.0046589 0.0015623 0.0013800 0.0026018 0.0025712 
NA|20TV2299|turdus_merula|NL|2020-08-29                                                 0.0057600 0.0061724 0.0054581 0.0057603 0.0053545 0.0069945 0.0058642 0.0031452 0.0029463 0.0032449 0.0033447 0.0034426 0.0032435 0.0029465 0.0029451 0.0011694 0.0000000 0.0030455 0.0018573 0.0017588 0.0017583 0.0027464 0.0010718 0.0023506 0.0020551 0.0018567 0.0018566 0.0017588 0.0020535 0.0020536 0.0020536 0.0021529 0.0020542 0.0021529 0.0022534 0.0023499 0.0023494 0.0023494 0.0017596 0.0024495 0.0024484 0.0032430 0.0037411 0.0033424 0.0032428 0.0021523 0.0020563 0.0043449 0.0045462 0.0035435 0.0032442 0.0042467 0.0035445 0.0034436 0.0043456 0.0039431 0.0041440 0.0044468 0.0030443 0.0039393 0.0022511 0.0037435 0.0035438 0.0039439 0.0028456 0.0038443 0.0028456 0.0028455 0.0052652 0.0013659 0.0012809 0.0028405 0.0030235 
MN122215|AS201800038|turdus_merula|NL|2017-09-11                                        0.0056647 0.0060772 0.0053626 0.0056651 0.0052590 0.0068994 0.0057689 0.0026513 0.0024530 0.0027507 0.0028502 0.0031468 0.0029479 0.0024532 0.0024520 0.0024507 0.0030455 0.0000000 0.0015638 0.0014655 0.0014650 0.0024518 0.0023522 0.0018592 0.0017613 0.0015633 0.0015632 0.0014655 0.0017599 0.0017600 0.0017600 0.0018591 0.0017605 0.0020562 0.0019592 0.0020559 0.0020555 0.0020555 0.0022545 0.0021553 0.0021543 0.0027492 0.0034454 0.0030471 0.0029476 0.0018586 0.0033491 0.0040482 0.0042493 0.0032479 0.0031480 0.0041508 0.0032488 0.0031480 0.0040488 0.0036469 0.0038476 0.0043505 0.0027494 0.0036435 0.0019573 0.0034475 0.0032481 0.0036477 0.0025510 0.0033484 0.0027491 0.0027489 0.0048619 0.0034451 0.0032795 0.0033220 0.0028002 
KY426753|NA|turdus_merula|DE|2015-08-18                                                 0.0044496 0.0048570 0.0041498 0.0044498 0.0040478 0.0056696 0.0045522 0.0016624 0.0014657 0.0017609 0.0018595 0.0021543 0.0019570 0.0014658 0.0014651 0.0012680 0.0018573 0.0015638 0.0000000 0.0002917 0.0002916 0.0014650 0.0011703 0.0008770 0.0005842 0.0003889 0.0003889 0.0002917 0.0005837 0.0005838 0.0005838 0.0006815 0.0005839 0.0008768 0.0007798 0.0008767 0.0008766 0.0008765 0.0010729 0.0009748 0.0009744 0.0017599 0.0022528 0.0018583 0.0017598 0.0006813 0.0021562 0.0028490 0.0030481 0.0020565 0.0019577 0.0029500 0.0020571 0.0019577 0.0028495 0.0024518 0.0026504 0.0031481 0.0015632 0.0024495 0.0007790 0.0022542 0.0020567 0.0024523 0.0013668 0.0023536 0.0015631 0.0015630 0.0037556 0.0022527 0.0020765 0.0021257 0.0015598 
KY426750|NA|turdus_merula|DE|2015-10-07                                                 0.0043490 0.0047560 0.0040494 0.0043492 0.0039475 0.0055679 0.0044515 0.0015640 0.0013674 0.0016624 0.0017610 0.0020556 0.0018585 0.0013675 0.0013669 0.0011700 0.0017588 0.0014655 0.0002917 0.0000000 0.0001936 0.0013668 0.0010723 0.0007793 0.0004866 0.0002916 0.0002915 0.0001937 0.0004863 0.0004863 0.0004863 0.0005839 0.0004864 0.0007791 0.0006821 0.0007790 0.0007789 0.0007789 0.0009750 0.0008770 0.0008766 0.0016615 0.0021540 0.0017598 0.0016614 0.0005838 0.0020574 0.0027497 0.0029486 0.0019578 0.0018591 0.0028505 0.0019583 0.0018591 0.0027501 0.0023528 0.0025512 0.0030485 0.0014650 0.0023506 0.0006814 0.0021553 0.0019579 0.0023533 0.0012686 0.0022547 0.0014648 0.0014647 0.0036553 0.0021539 0.0019768 0.0020066 0.0014478 
KY426752|NA|turdus_merula|DE|2015-08-18                                                 0.0043475 0.0047543 0.0040480 0.0043477 0.0039461 0.0055660 0.0044500 0.0015634 0.0013670 0.0016619 0.0017604 0.0020549 0.0018578 0.0013670 0.0013664 0.0011697 0.0017583 0.0014650 0.0002916 0.0001936 0.0000000 0.0013663 0.0010720 0.0007790 0.0004865 0.0002915 0.0002914 0.0001936 0.0004861 0.0004861 0.0004861 0.0005837 0.0004863 0.0007789 0.0006818 0.0007788 0.0007786 0.0007786 0.0009746 0.0008767 0.0008763 0.0016609 0.0021533 0.0017592 0.0016608 0.0005836 0.0020567 0.0027487 0.0029476 0.0019571 0.0018585 0.0028495 0.0019577 0.0018585 0.0027492 0.0023520 0.0025503 0.0030475 0.0014645 0.0023498 0.0006812 0.0021546 0.0019573 0.0023525 0.0012682 0.0022539 0.0014643 0.0014642 0.0036540 0.0021531 0.0019761 0.0020058 0.0014472 
OP555958|NA|turdus_merula|BE|2017-08-07                                                 0.0053579 0.0057690 0.0050565 0.0055612 0.0049534 0.0065887 0.0054617 0.0017605 0.0015637 0.0018591 0.0019578 0.0012677 0.0012676 0.0015638 0.0015631 0.0023508 0.0027464 0.0024518 0.0014650 0.0013668 0.0013663 0.0000000 0.0022525 0.0009747 0.0016622 0.0014645 0.0014644 0.0013668 0.0016609 0.0016610 0.0016610 0.0017598 0.0016614 0.0019567 0.0018598 0.0019565 0.0019561 0.0019561 0.0021548 0.0020557 0.0020548 0.0010719 0.0033443 0.0029465 0.0028471 0.0017594 0.0032481 0.0037460 0.0039465 0.0029479 0.0028484 0.0038482 0.0029487 0.0028484 0.0037466 0.0033459 0.0037459 0.0042482 0.0024509 0.0035422 0.0018579 0.0033464 0.0031472 0.0035463 0.0024509 0.0014648 0.0026488 0.0026486 0.0048634 0.0031448 0.0029766 0.0012937 0.0027988 
OP555957|NA|turdus_merula|BE|2017-07-24                                                 0.0052552 0.0056658 0.0049541 0.0052555 0.0048511 0.0064835 0.0053588 0.0024514 0.0022535 0.0025505 0.0026498 0.0027476 0.0025494 0.0022537 0.0022526 0.0004861 0.0010718 0.0023522 0.0011703 0.0010723 0.0010720 0.0022525 0.0000000 0.0016611 0.0013669 0.0011699 0.0011698 0.0010723 0.0013658 0.0013659 0.0013659 0.0014644 0.0013662 0.0014644 0.0015639 0.0016606 0.0016603 0.0016602 0.0010728 0.0017595 0.0017587 0.0025491 0.0030448 0.0026480 0.0025489 0.0014640 0.0011714 0.0036450 0.0038453 0.0028478 0.0027483 0.0037470 0.0028486 0.0027484 0.0036456 0.0032454 0.0034452 0.0037462 0.0023513 0.0032423 0.0015623 0.0030467 0.0028480 0.0032460 0.0021537 0.0031469 0.0021537 0.0021536 0.0045589 0.0014643 0.0012812 0.0027214 0.0024589 
KY426756|NA|turdus_merula|DE|2016-09-23                                                 0.0047517 0.0051604 0.0044515 0.0049540 0.0043490 0.0059750 0.0048548 0.0011711 0.0009751 0.0012692 0.0013674 0.0016613 0.0014648 0.0009752 0.0009747 0.0017592 0.0023506 0.0018592 0.0008770 0.0007793 0.0007790 0.0009747 0.0016611 0.0000000 0.0010731 0.0008767 0.0008767 0.0007793 0.0010723 0.0010723 0.0010723 0.0011706 0.0010726 0.0013666 0.0012696 0.0013665 0.0013662 0.0013662 0.0015636 0.0014651 0.0014644 0.0012685 0.0027479 0.0023519 0.0022530 0.0011703 0.0026515 0.0031474 0.0033469 0.0023530 0.0022539 0.0032487 0.0023536 0.0022540 0.0031479 0.0027492 0.0031473 0.0036471 0.0020558 0.0029452 0.0012684 0.0027496 0.0025513 0.0029485 0.0018585 0.0018595 0.0020555 0.0020554 0.0042581 0.0027477 0.0025759 0.0018876 0.0021216 
KJ438705|NA|culex_pipiens|DE|2010-07-14                                                 0.0046527 0.0050611 0.0043525 0.0046530 0.0042501 0.0058754 0.0047557 0.0018600 0.0016630 0.0019588 0.0020576 0.0023528 0.0021552 0.0016631 0.0016623 0.0014648 0.0020551 0.0017613 0.0005842 0.0004866 0.0004865 0.0016622 0.0013669 0.0010731 0.0000000 0.0005840 0.0005840 0.0004866 0.0007792 0.0007792 0.0007792 0.0008772 0.0007795 0.0010729 0.0009759 0.0010728 0.0010726 0.0010725 0.0012694 0.0011711 0.0011706 0.0019577 0.0024515 0.0020562 0.0019575 0.0008770 0.0023549 0.0030490 0.0032484 0.0022549 0.0021559 0.0030506 0.0022555 0.0021559 0.0030495 0.0026510 0.0026513 0.0033487 0.0017606 0.0026485 0.0009749 0.0024530 0.0022551 0.0026515 0.0015638 0.0025527 0.0017605 0.0017604 0.0037569 0.0024513 0.0022768 0.0022458 0.0017850 
KJ438707|NA|culex_pipiens|DE|2011-07-07                                                 0.0044480 0.0048553 0.0041484 0.0044483 0.0040464 0.0056677 0.0045507 0.0016618 0.0014652 0.0017603 0.0018589 0.0021536 0.0019564 0.0014653 0.0014646 0.0012676 0.0018567 0.0015633 0.0003889 0.0002916 0.0002915 0.0014645 0.0011699 0.0008767 0.0005840 0.0000000 0.0003888 0.0002916 0.0005836 0.0005836 0.0005836 0.0006813 0.0005837 0.0006812 0.0007795 0.0008765 0.0008763 0.0008763 0.0010725 0.0009745 0.0009741 0.0017593 0.0022521 0.0018577 0.0017592 0.0006811 0.0021555 0.0028480 0.0030470 0.0020558 0.0019570 0.0029490 0.0020564 0.0019570 0.0028485 0.0024510 0.0026495 0.0031470 0.0015627 0.0024487 0.0003888 0.0022534 0.0020560 0.0024515 0.0013663 0.0023529 0.0015626 0.0015625 0.0037543 0.0022519 0.0020758 0.0020058 0.0015592 
KJ438708|NA|culex_pipiens|DE|2011-08-08                                                 0.0044478 0.0048550 0.0041482 0.0044480 0.0040462 0.0056673 0.0045504 0.0016617 0.0014651 0.0017602 0.0018588 0.0021535 0.0019563 0.0014652 0.0014645 0.0012676 0.0018566 0.0015632 0.0003889 0.0002915 0.0002914 0.0014644 0.0011698 0.0008767 0.0005840 0.0003888 0.0000000 0.0002915 0.0005835 0.0005836 0.0005836 0.0006813 0.0005837 0.0008765 0.0007795 0.0008764 0.0008762 0.0008762 0.0010725 0.0009744 0.0009740 0.0017592 0.0022519 0.0018576 0.0017591 0.0006811 0.0021554 0.0028479 0.0030469 0.0020557 0.0019569 0.0029488 0.0020563 0.0019569 0.0028483 0.0024509 0.0026493 0.0031469 0.0015626 0.0024486 0.0007787 0.0022533 0.0020558 0.0024513 0.0013662 0.0023527 0.0015625 0.0015624 0.0037541 0.0022518 0.0020756 0.0021247 0.0015591 
KJ438710|NA|turdus_merula|DE|2011-09-11                                                 0.0043489 0.0047559 0.0040494 0.0042486 0.0039475 0.0055679 0.0044515 0.0015640 0.0013674 0.0016624 0.0017610 0.0020556 0.0018585 0.0013675 0.0013669 0.0011700 0.0017588 0.0014655 0.0002917 0.0001937 0.0001936 0.0013668 0.0010723 0.0007793 0.0004866 0.0002916 0.0002915 0.0000000 0.0004863 0.0004863 0.0004863 0.0005839 0.0004864 0.0007791 0.0006821 0.0007790 0.0007789 0.0007788 0.0009750 0.0008770 0.0008766 0.0016615 0.0021540 0.0017598 0.0016614 0.0005838 0.0020574 0.0027497 0.0029486 0.0019578 0.0018591 0.0028505 0.0019583 0.0018591 0.0027501 0.0023528 0.0025512 0.0030485 0.0014650 0.0023506 0.0006814 0.0021553 0.0019579 0.0023533 0.0012686 0.0022547 0.0014648 0.0014647 0.0036553 0.0021539 0.0019768 0.0020066 0.0014478 
KJ859683|BAT2USUTU-BNI|pipistrellus_pipistrellus|DE|2013-10-05                          0.0046489 0.0050570 0.0043490 0.0046492 0.0042467 0.0058706 0.0047518 0.0018586 0.0016617 0.0019572 0.0020560 0.0023510 0.0021535 0.0016618 0.0016610 0.0014636 0.0020535 0.0017599 0.0005837 0.0004863 0.0004861 0.0016609 0.0013658 0.0010723 0.0007792 0.0005836 0.0005835 0.0004863 0.0000000 0.0007786 0.0007786 0.0008766 0.0007788 0.0010721 0.0005842 0.0010720 0.0010717 0.0010717 0.0012684 0.0011702 0.0011697 0.0019561 0.0024496 0.0020546 0.0019560 0.0008763 0.0023531 0.0030465 0.0032458 0.0022531 0.0021542 0.0031477 0.0022538 0.0021542 0.0030470 0.0026489 0.0028477 0.0033460 0.0017593 0.0026464 0.0009741 0.0024511 0.0022533 0.0026494 0.0015626 0.0025507 0.0017591 0.0017590 0.0039546 0.0024494 0.0022750 0.0023629 0.0017834 
KJ438716|NA|culex_pipiens|DE|2012-07-09                                                 0.0046492 0.0050573 0.0043493 0.0046495 0.0042470 0.0058710 0.0047521 0.0018587 0.0016618 0.0019573 0.0020561 0.0023511 0.0021536 0.0016619 0.0016611 0.0014637 0.0020536 0.0017600 0.0005838 0.0004863 0.0004861 0.0016610 0.0013659 0.0010723 0.0007792 0.0005836 0.0005836 0.0004863 0.0007786 0.0000000 0.0000010 0.0008766 0.0007789 0.0010721 0.0009752 0.0010720 0.0010718 0.0010718 0.0012685 0.0011703 0.0011697 0.0019563 0.0024497 0.0020547 0.0019561 0.0008764 0.0023532 0.0030467 0.0032460 0.0022533 0.0021543 0.0031479 0.0022539 0.0021544 0.0030472 0.0026491 0.0028479 0.0033462 0.0017594 0.0026466 0.0009742 0.0022533 0.0020559 0.0024514 0.0015627 0.0025508 0.0017592 0.0017591 0.0039549 0.0024495 0.0022752 0.0021247 0.0016713 
KJ438717|NA|turdus_merula|DE|2012-08-23                                                 0.0046492 0.0050573 0.0043493 0.0046495 0.0042470 0.0058710 0.0047521 0.0018587 0.0016618 0.0019573 0.0020561 0.0023511 0.0021536 0.0016619 0.0016611 0.0014637 0.0020536 0.0017600 0.0005838 0.0004863 0.0004861 0.0016610 0.0013659 0.0010723 0.0007792 0.0005836 0.0005836 0.0004863 0.0007786 0.0000010 0.0000000 0.0008766 0.0007789 0.0010721 0.0009752 0.0010720 0.0010718 0.0010718 0.0012685 0.0011703 0.0011697 0.0019563 0.0024497 0.0020547 0.0019561 0.0008764 0.0023532 0.0030467 0.0032460 0.0022533 0.0021543 0.0031479 0.0022539 0.0021544 0.0030472 0.0026491 0.0028479 0.0033462 0.0017594 0.0026466 0.0009742 0.0022533 0.0020559 0.0024514 0.0015627 0.0025508 0.0017592 0.0017591 0.0039549 0.0024495 0.0022752 0.0021247 0.0016713 
KJ438724|NA|turdus_merula|DE|2011-09-19                                                 0.0047514 0.0051600 0.0044511 0.0047517 0.0043487 0.0059746 0.0048544 0.0019578 0.0017607 0.0020566 0.0021555 0.0024507 0.0022530 0.0017608 0.0017600 0.0015624 0.0021529 0.0018591 0.0006815 0.0005839 0.0005837 0.0017598 0.0014644 0.0011706 0.0008772 0.0006813 0.0006813 0.0005839 0.0008766 0.0008766 0.0008766 0.0000000 0.0008768 0.0011704 0.0010734 0.0011703 0.0011700 0.0011700 0.0013669 0.0012686 0.0012681 0.0020555 0.0025494 0.0021540 0.0020553 0.0009744 0.0024529 0.0031471 0.0033467 0.0023528 0.0022538 0.0032485 0.0023535 0.0022538 0.0031476 0.0027490 0.0029480 0.0034470 0.0018584 0.0027464 0.0010723 0.0025510 0.0023530 0.0027496 0.0016614 0.0026507 0.0018582 0.0018580 0.0040565 0.0025492 0.0023757 0.0024832 0.0017842 
KJ438722|NA|turdus_merula|DE|2012-08-23                                                 0.0046505 0.0050587 0.0043505 0.0046508 0.0042482 0.0058726 0.0047534 0.0018592 0.0016622 0.0019579 0.0020567 0.0023518 0.0021542 0.0016623 0.0016615 0.0014641 0.0020542 0.0017605 0.0005839 0.0004864 0.0004863 0.0016614 0.0013662 0.0010726 0.0007795 0.0005837 0.0005837 0.0004864 0.0007788 0.0007789 0.0007789 0.0008768 0.0000000 0.0010724 0.0009754 0.0010723 0.0010721 0.0010721 0.0012688 0.0011706 0.0011700 0.0019568 0.0024504 0.0020553 0.0019566 0.0008766 0.0023539 0.0030476 0.0032469 0.0022539 0.0021549 0.0031488 0.0022545 0.0021549 0.0030480 0.0026498 0.0028486 0.0033471 0.0017598 0.0026473 0.0009744 0.0024519 0.0022541 0.0026503 0.0015631 0.0025515 0.0017597 0.0017596 0.0039559 0.0024502 0.0022758 0.0022447 0.0017841 
KJ438737|NA|culex_sp|DE|2011-08-21                                                      0.0049528 0.0053622 0.0046522 0.0049531 0.0045495 0.0061781 0.0050561 0.0021551 0.0019577 0.0022540 0.0023531 0.0024508 0.0022530 0.0019578 0.0019569 0.0015624 0.0021529 0.0020562 0.0008768 0.0007791 0.0007789 0.0019567 0.0014644 0.0013666 0.0010729 0.0006812 0.0008765 0.0007791 0.0010721 0.0010721 0.0010721 0.0011704 0.0010724 0.0000000 0.0012694 0.0013662 0.0011700 0.0013659 0.0013670 0.0014648 0.0014641 0.0022528 0.0027474 0.0023515 0.0022526 0.0011701 0.0024530 0.0033461 0.0035460 0.0025507 0.0024515 0.0032485 0.0025514 0.0024515 0.0033467 0.0029474 0.0031468 0.0034470 0.0020554 0.0029446 0.0010722 0.0027491 0.0025508 0.0029480 0.0018582 0.0028490 0.0018582 0.0018581 0.0042573 0.0025493 0.0021762 0.0024832 0.0020088 
KJ859682|BAT1USUTU-BNI|pipistrellus_pipistrellus|DE|2013-09-21                          0.0048563 0.0052656 0.0045556 0.0048566 0.0044529 0.0060816 0.0049595 0.0020582 0.0018607 0.0021571 0.0022561 0.0025518 0.0023538 0.0018608 0.0018600 0.0016620 0.0022534 0.0019592 0.0007798 0.0006821 0.0006818 0.0018598 0.0015639 0.0012696 0.0009759 0.0007795 0.0007795 0.0006821 0.0005842 0.0009752 0.0009752 0.0010734 0.0009754 0.0012694 0.0000000 0.0012693 0.0012690 0.0012690 0.0014663 0.0013678 0.0013672 0.0021559 0.0026506 0.0022546 0.0021557 0.0010731 0.0025541 0.0032494 0.0034492 0.0024538 0.0023546 0.0033510 0.0024545 0.0023546 0.0032499 0.0028506 0.0030500 0.0035497 0.0019585 0.0028479 0.0011712 0.0026523 0.0024540 0.0028512 0.0017612 0.0027522 0.0019583 0.0019582 0.0041605 0.0026504 0.0024776 0.0026052 0.0020107 
KJ438742|NA|turdus_merula|DE|2013-09-23                                                 0.0049522 0.0053616 0.0046517 0.0049525 0.0045490 0.0061773 0.0048533 0.0021549 0.0017603 0.0020561 0.0021550 0.0026483 0.0024504 0.0019576 0.0019567 0.0017587 0.0023499 0.0020559 0.0008767 0.0007790 0.0007788 0.0019565 0.0016606 0.0013665 0.0010728 0.0008765 0.0008764 0.0007790 0.0010720 0.0010720 0.0010720 0.0011703 0.0010723 0.0013662 0.0012693 0.0000000 0.0013658 0.0013658 0.0015631 0.0014646 0.0014640 0.0022525 0.0027471 0.0023512 0.0022523 0.0011699 0.0026507 0.0033458 0.0035456 0.0025504 0.0024512 0.0034474 0.0025511 0.0024512 0.0033463 0.0029471 0.0031464 0.0036461 0.0018580 0.0029443 0.0012680 0.0027488 0.0025506 0.0029477 0.0016611 0.0028487 0.0020549 0.0020548 0.0042569 0.0027469 0.0025752 0.0026020 0.0017836 
KJ438744|NA|turdus_merula|DE|2012-06-23                                                 0.0049511 0.0053603 0.0046506 0.0049514 0.0045480 0.0061759 0.0050543 0.0021544 0.0019570 0.0022532 0.0023523 0.0026477 0.0024498 0.0019571 0.0019562 0.0017583 0.0023494 0.0020555 0.0008766 0.0007789 0.0007786 0.0019561 0.0016603 0.0013662 0.0010726 0.0008763 0.0008762 0.0007789 0.0010717 0.0010718 0.0010718 0.0011700 0.0010721 0.0011700 0.0012690 0.0013658 0.0000000 0.0013655 0.0015628 0.0014643 0.0014637 0.0022520 0.0027465 0.0023507 0.0022518 0.0011697 0.0026501 0.0033450 0.0035448 0.0025498 0.0024506 0.0030485 0.0023527 0.0024506 0.0033455 0.0029464 0.0031457 0.0036452 0.0020547 0.0029436 0.0012677 0.0027482 0.0025500 0.0029470 0.0018575 0.0028481 0.0020545 0.0020544 0.0042559 0.0027463 0.0021755 0.0027209 0.0017835 
KJ438748|NA|turdus_merula|DE|2012-07-23                                                 0.0049510 0.0053603 0.0046506 0.0049513 0.0045479 0.0061758 0.0050543 0.0021544 0.0019570 0.0022532 0.0023522 0.0026477 0.0024498 0.0019571 0.0019562 0.0017582 0.0023494 0.0020555 0.0008765 0.0007789 0.0007786 0.0019561 0.0016602 0.0013662 0.0010725 0.0008763 0.0008762 0.0007788 0.0010717 0.0010718 0.0010718 0.0011700 0.0010721 0.0013659 0.0012690 0.0013658 0.0013655 0.0000000 0.0015628 0.0014643 0.0014636 0.0022520 0.0027465 0.0023506 0.0022518 0.0011697 0.0026501 0.0033450 0.0035448 0.0025498 0.0024506 0.0034466 0.0025505 0.0024506 0.0033455 0.0029464 0.0031457 0.0036452 0.0020547 0.0029436 0.0012677 0.0027481 0.0025500 0.0029470 0.0018575 0.0028481 0.0020545 0.0020543 0.0042558 0.0027463 0.0025746 0.0027208 0.0021204 
KJ438754|NA|turdus_merula|DE|2012-09-18                                                 0.0051567 0.0055670 0.0048556 0.0051570 0.0047526 0.0063845 0.0052602 0.0023536 0.0021558 0.0024527 0.0025520 0.0026497 0.0024517 0.0021559 0.0021549 0.0011705 0.0017596 0.0022545 0.0010729 0.0009750 0.0009746 0.0021548 0.0010728 0.0015636 0.0012694 0.0010725 0.0010725 0.0009750 0.0012684 0.0012685 0.0012685 0.0013669 0.0012688 0.0013670 0.0014663 0.0015631 0.0015628 0.0015628 0.0000000 0.0016619 0.0016612 0.0024514 0.0029469 0.0025502 0.0024512 0.0013666 0.0020583 0.0035469 0.0037471 0.0027499 0.0026505 0.0036488 0.0027506 0.0026505 0.0035475 0.0031474 0.0033471 0.0036480 0.0022536 0.0031444 0.0014648 0.0029487 0.0027501 0.0031480 0.0020560 0.0030489 0.0020560 0.0020559 0.0044603 0.0021548 0.0018780 0.0023649 0.0022346 
KJ438758|NA|turdus_merula|DE|2013-08-13                                                 0.0050548 0.0054646 0.0047539 0.0050551 0.0046511 0.0062813 0.0051582 0.0022543 0.0020567 0.0023533 0.0024525 0.0027483 0.0025501 0.0020568 0.0020559 0.0018576 0.0024495 0.0021553 0.0009748 0.0008770 0.0008767 0.0020557 0.0017595 0.0014651 0.0011711 0.0009745 0.0009744 0.0008770 0.0011702 0.0011703 0.0011703 0.0012686 0.0011706 0.0014648 0.0013678 0.0014646 0.0014643 0.0014643 0.0016619 0.0000000 0.0015626 0.0023520 0.0028471 0.0024508 0.0023518 0.0012683 0.0027507 0.0034465 0.0036466 0.0026503 0.0025509 0.0035483 0.0026510 0.0025510 0.0034471 0.0030474 0.0032469 0.0037472 0.0021545 0.0030445 0.0013665 0.0028489 0.0026505 0.0030480 0.0019571 0.0029489 0.0021542 0.0021541 0.0043588 0.0028469 0.0026760 0.0026031 0.0020082 
KJ438760|NA|turdus_merula|DE|2011-09-16                                                 0.0048504 0.0052592 0.0045500 0.0048506 0.0044475 0.0060741 0.0049535 0.0022533 0.0020558 0.0023523 0.0024514 0.0027470 0.0025489 0.0020559 0.0020550 0.0018568 0.0024484 0.0021543 0.0009744 0.0008766 0.0008763 0.0020548 0.0017587 0.0014644 0.0011706 0.0009741 0.0009740 0.0008766 0.0011697 0.0011697 0.0011697 0.0012681 0.0011700 0.0014641 0.0013672 0.0014640 0.0014637 0.0014636 0.0016612 0.0015626 0.0000000 0.0023510 0.0028458 0.0024497 0.0023508 0.0012677 0.0027495 0.0032455 0.0034451 0.0024509 0.0023518 0.0033469 0.0024515 0.0023518 0.0032460 0.0028472 0.0030463 0.0035455 0.0021535 0.0028445 0.0013658 0.0028476 0.0026492 0.0030466 0.0019562 0.0029476 0.0021533 0.0021531 0.0041554 0.0028456 0.0026748 0.0028407 0.0021206 
MK230890|Villers/2017|turdus_merula|BE|2017-08                                          0.0056621 0.0060744 0.0053601 0.0058658 0.0052566 0.0068962 0.0057662 0.0018590 0.0018590 0.0021551 0.0022541 0.0017586 0.0017585 0.0018591 0.0018583 0.0026477 0.0032430 0.0027492 0.0017599 0.0016615 0.0016609 0.0010719 0.0025491 0.0012685 0.0019577 0.0017593 0.0017592 0.0016615 0.0019561 0.0019563 0.0019563 0.0020555 0.0019568 0.0022528 0.0021559 0.0022525 0.0022520 0.0022520 0.0024514 0.0023520 0.0023510 0.0000000 0.0034438 0.0032448 0.0031452 0.0020549 0.0035474 0.0040463 0.0042473 0.0032464 0.0031466 0.0041489 0.0032473 0.0031466 0.0040470 0.0036453 0.0040463 0.0045498 0.0027481 0.0038417 0.0021537 0.0036458 0.0034461 0.0038462 0.0027481 0.0017598 0.0029464 0.0029463 0.0051671 0.0036433 0.0034795 0.0017674 0.0031387 
MN122154|AS201600089|turdus_merula|NL|2016-09-20                                        0.0063741 0.0067904 0.0058670 0.0063744 0.0059664 0.0076162 0.0064791 0.0035455 0.0033459 0.0036455 0.0037458 0.0040437 0.0038436 0.0033462 0.0033446 0.0031436 0.0037411 0.0034454 0.0022528 0.0021540 0.0021533 0.0033443 0.0030448 0.0027479 0.0024515 0.0022521 0.0022519 0.0021540 0.0024496 0.0024497 0.0024497 0.0025494 0.0024504 0.0027474 0.0026506 0.0027471 0.0027465 0.0027465 0.0029469 0.0028471 0.0028458 0.0034438 0.0000000 0.0005836 0.0004861 0.0025487 0.0040473 0.0047495 0.0049517 0.0039452 0.0038449 0.0048530 0.0039463 0.0038449 0.0047503 0.0043462 0.0043467 0.0050535 0.0034441 0.0043421 0.0026479 0.0041459 0.0039456 0.0043471 0.0032447 0.0041471 0.0034437 0.0034435 0.0054707 0.0041430 0.0038829 0.0041658 0.0007770 
MN122170|AS201600197|turdus_merula|NL|2016-10-11                                        0.0059668 0.0063803 0.0056643 0.0059671 0.0055604 0.0072043 0.0060713 0.0031469 0.0029479 0.0032466 0.0033465 0.0036438 0.0034443 0.0029481 0.0029467 0.0027466 0.0033424 0.0030471 0.0018583 0.0017598 0.0017592 0.0029465 0.0026480 0.0023519 0.0020562 0.0018577 0.0018576 0.0017598 0.0020546 0.0020547 0.0020547 0.0021540 0.0020553 0.0023515 0.0022546 0.0023512 0.0023507 0.0023506 0.0025502 0.0024508 0.0024497 0.0032448 0.0005836 0.0000000 0.0000967 0.0021534 0.0036471 0.0043473 0.0045488 0.0035455 0.0034454 0.0044502 0.0035464 0.0034454 0.0043480 0.0039452 0.0039457 0.0046502 0.0030460 0.0039415 0.0022523 0.0037455 0.0035457 0.0039460 0.0028472 0.0037465 0.0030456 0.0030454 0.0050652 0.0037429 0.0035801 0.0038035 0.0003324 
MN122176|AS201600247|turdus_merula|NL|2016-09-30                                        0.0058650 0.0062781 0.0055626 0.0058653 0.0054589 0.0071013 0.0059694 0.0030474 0.0028485 0.0031470 0.0032468 0.0035439 0.0033445 0.0028487 0.0028474 0.0026475 0.0032428 0.0029476 0.0017598 0.0016614 0.0016608 0.0028471 0.0025489 0.0022530 0.0019575 0.0017592 0.0017591 0.0016614 0.0019560 0.0019561 0.0019561 0.0020553 0.0019566 0.0022526 0.0021557 0.0022523 0.0022518 0.0022518 0.0024512 0.0023518 0.0023508 0.0031452 0.0004861 0.0000967 0.0000000 0.0020547 0.0035471 0.0042468 0.0044481 0.0034456 0.0033456 0.0043496 0.0034466 0.0033457 0.0042475 0.0038451 0.0038455 0.0045494 0.0029465 0.0038414 0.0021535 0.0036455 0.0034459 0.0038458 0.0027479 0.0036465 0.0029462 0.0029460 0.0049639 0.0036430 0.0034792 0.0036828 0.0003324 
KY426766|NA|turdus_merula|DE|2016-10-11                                                 0.0047500 0.0051585 0.0044499 0.0047503 0.0043475 0.0059729 0.0048531 0.0019573 0.0017602 0.0020560 0.0021549 0.0024501 0.0022524 0.0017603 0.0017595 0.0015619 0.0021523 0.0018586 0.0006813 0.0005838 0.0005836 0.0017594 0.0014640 0.0011703 0.0008770 0.0006811 0.0006811 0.0005838 0.0008763 0.0008764 0.0008764 0.0009744 0.0008766 0.0011701 0.0010731 0.0011699 0.0011697 0.0011697 0.0013666 0.0012683 0.0012677 0.0020549 0.0025487 0.0021534 0.0020547 0.0000000 0.0024523 0.0031463 0.0033457 0.0023522 0.0022532 0.0032476 0.0023528 0.0020558 0.0029477 0.0027483 0.0029472 0.0034460 0.0018579 0.0027457 0.0010720 0.0025503 0.0023524 0.0027488 0.0016610 0.0026500 0.0018576 0.0018575 0.0040554 0.0025485 0.0023750 0.0024824 0.0017835 
KY263624|NA|turdus_merula|BE|2016-10                                                    0.0062787 0.0066950 0.0059753 0.0062791 0.0058710 0.0075211 0.0063838 0.0034493 0.0032496 0.0035493 0.0036496 0.0037477 0.0035478 0.0032499 0.0032483 0.0014657 0.0020563 0.0033491 0.0021562 0.0020574 0.0020567 0.0032481 0.0011714 0.0026515 0.0023549 0.0021555 0.0021554 0.0020574 0.0023531 0.0023532 0.0023532 0.0024529 0.0023539 0.0024530 0.0025541 0.0026507 0.0026501 0.0026501 0.0020583 0.0027507 0.0027495 0.0035474 0.0040473 0.0036471 0.0035471 0.0024523 0.0000000 0.0046537 0.0048559 0.0038491 0.0037487 0.0047572 0.0038502 0.0037488 0.0046544 0.0042502 0.0044520 0.0047561 0.0033478 0.0042462 0.0025515 0.0040499 0.0038494 0.0042511 0.0031484 0.0041512 0.0031484 0.0031482 0.0055785 0.0024528 0.0022782 0.0039290 0.0034834 
KY426770|NA|turdus_merula|DE|2016-09-20                                                 0.0041441 0.0045499 0.0038453 0.0043452 0.0037437 0.0053597 0.0042463 0.0039482 0.0037478 0.0040486 0.0041492 0.0044480 0.0042471 0.0037481 0.0037463 0.0037442 0.0043449 0.0040482 0.0028490 0.0027497 0.0027487 0.0037460 0.0036450 0.0031474 0.0030490 0.0028480 0.0028479 0.0027497 0.0030465 0.0030467 0.0030467 0.0031471 0.0030476 0.0033461 0.0032494 0.0033458 0.0033450 0.0033450 0.0035469 0.0034465 0.0032455 0.0040463 0.0047495 0.0043473 0.0042468 0.0031463 0.0046537 0.0000000 0.0027473 0.0017590 0.0016606 0.0026494 0.0017595 0.0020546 0.0025493 0.0021531 0.0027465 0.0040434 0.0040466 0.0049491 0.0032460 0.0047525 0.0045511 0.0049548 0.0038461 0.0046527 0.0040462 0.0040459 0.0042534 0.0047492 0.0045953 0.0042878 0.0041666 
