23
MW164637|11pool1989|culex_pipiens|IT|2011-08-23     0.0000000 0.0024488 0.0029429 0.0026469 0.0028436 0.0028440 0.0031421 0.0030428 0.0032418 0.0033409 0.0033406 0.0035393 0.0037385 0.0040377 0.0041379 0.0034390 0.0038376 0.0024491 0.0025466 0.0030414 0.0030412 0.0017574 0.0033998 
MW164638|11pool2109|culex_pipiens|IT|2011-08-24     0.0024488 0.0000000 0.0020534 0.0017593 0.0019550 0.0019552 0.0022522 0.0021535 0.0023513 0.0024498 0.0024496 0.0026472 0.0028453 0.0031428 0.0032424 0.0023501 0.0027457 0.0021537 0.0022511 0.0027451 0.0027449 0.0016598 0.0023046 
MW164643|12pool2046|culex_pipiens|IT|2012-07-24     0.0029429 0.0020534 0.0000000 0.0002916 0.0004860 0.0004861 0.0007787 0.0014633 0.0016601 0.0017576 0.0017575 0.0019537 0.0021514 0.0024473 0.0025463 0.0018551 0.0022496 0.0028451 0.0029426 0.0034388 0.0034386 0.0021516 0.0018938 
MW164645|12pool2214|culex_pipiens|IT|2012-08-07     0.0026469 0.0017593 0.0002916 0.0000000 0.0001936 0.0001937 0.0004864 0.0011700 0.0013662 0.0014639 0.0014638 0.0016599 0.0018563 0.0021523 0.0022511 0.0015614 0.0019542 0.0025492 0.0026467 0.0031421 0.0031419 0.0018564 0.0016219 
MW164665|13pool5873|culex_pipiens|IT|2013-08-13     0.0028436 0.0019550 0.0004860 0.0001936 0.0000000 0.0003887 0.0006811 0.0013652 0.0015618 0.0016594 0.0016592 0.0018553 0.0020518 0.0023484 0.0024473 0.0017568 0.0021509 0.0027459 0.0028434 0.0033392 0.0033390 0.0020520 0.0017577 
MW164650|12pool2586|culex_pipiens|IT|2012-08-23     0.0028440 0.0019552 0.0004861 0.0001937 0.0003887 0.0000000 0.0004862 0.0013654 0.0015620 0.0016596 0.0016594 0.0018556 0.0020521 0.0023488 0.0024477 0.0017570 0.0021512 0.0027462 0.0028437 0.0033396 0.0033394 0.0020523 0.0018940 
MW164667|13pool6009|culex_pipiens|IT|2013-08-21     0.0031421 0.0022522 0.0007787 0.0004864 0.0006811 0.0004862 0.0000000 0.0016599 0.0018571 0.0019546 0.0019544 0.0021520 0.0023493 0.0026456 0.0027448 0.0020521 0.0024476 0.0030442 0.0031418 0.0036388 0.0036386 0.0023495 0.0020309 
MW164655|12VIR6787-10|alauda_arvensis|IT|2012-09-03 0.0030428 0.0021535 0.0014633 0.0011700 0.0013652 0.0013654 0.0016599 0.0000000 0.0017588 0.0018563 0.0018561 0.0020525 0.0022506 0.0025468 0.0026458 0.0019538 0.0023489 0.0029450 0.0030426 0.0035392 0.0035390 0.0022508 0.0018945 
MW164659|13pool5600|culex_pipiens|IT|2013-08-07     0.0032418 0.0023513 0.0016601 0.0013662 0.0015618 0.0015620 0.0018571 0.0017588 0.0000000 0.0019556 0.0019554 0.0021523 0.0023496 0.0026460 0.0027451 0.0020533 0.0024479 0.0031438 0.0032415 0.0037388 0.0037386 0.0024486 0.0018949 
MW164649|12pool2412|culex_pipiens|IT|2012-08-22     0.0033409 0.0024498 0.0017576 0.0014639 0.0016594 0.0016596 0.0019546 0.0018563 0.0019556 0.0000000 0.0015617 0.0017578 0.0019542 0.0022506 0.0023494 0.0016593 0.0020522 0.0032430 0.0033406 0.0038383 0.0038381 0.0025471 0.0014852 
MW164674|14pool1419|culex_pipiens|IT|2014-08-26     0.0033406 0.0024496 0.0017575 0.0014638 0.0016592 0.0016594 0.0019544 0.0018561 0.0019554 0.0015617 0.0000000 0.0003887 0.0005834 0.0008759 0.0009737 0.0012671 0.0016592 0.0032427 0.0033403 0.0038379 0.0038377 0.0025469 0.0002689 
MW164680|14pool1698|culex_pipiens|IT|2014-09-23     0.0035393 0.0026472 0.0019537 0.0016599 0.0018553 0.0018556 0.0021520 0.0020525 0.0021523 0.0017578 0.0003887 0.0000000 0.0007783 0.0010712 0.0011691 0.0014629 0.0018553 0.0034413 0.0035390 0.0040372 0.0040369 0.0027445 0.0002689 
MW164698|16pool1777|culex_pipiens|IT|2016-07-25     0.0037385 0.0028453 0.0021514 0.0018563 0.0020518 0.0020521 0.0023493 0.0022506 0.0023496 0.0019542 0.0005834 0.0007783 0.0000000 0.0012668 0.0013648 0.0016590 0.0020518 0.0036404 0.0037382 0.0042370 0.0042368 0.0029426 0.0006731 
MW164695|15VIR4781-42|turdus_merula|IT|2015-09-15   0.0040377 0.0031428 0.0024473 0.0021523 0.0023484 0.0023488 0.0026456 0.0025468 0.0026460 0.0022506 0.0008759 0.0010712 0.0012668 0.0000000 0.0016588 0.0019534 0.0023484 0.0039395 0.0040374 0.0045370 0.0045368 0.0032402 0.0006731 
MW164705|16pool2336|culex_pipiens|IT|2016-08-29     0.0041379 0.0032424 0.0025463 0.0022511 0.0024473 0.0024477 0.0027448 0.0026458 0.0027451 0.0023494 0.0009737 0.0011691 0.0013648 0.0016588 0.0000000 0.0018555 0.0022501 0.0038404 0.0039382 0.0044377 0.0044374 0.0033398 0.0008082 
MW164689|15pool1503|culex_pipiens|IT|2015-08-10     0.0034390 0.0023501 0.0018551 0.0015614 0.0017568 0.0017570 0.0020521 0.0019538 0.0020533 0.0016593 0.0012671 0.0014629 0.0016590 0.0019534 0.0018555 0.0000000 0.0011691 0.0029442 0.0030417 0.0035382 0.0035380 0.0026450 0.0012142 
MW164702|16pool2106|culex_pipiens|IT|2016-08-16     0.0038376 0.0027457 0.0022496 0.0019542 0.0021509 0.0021512 0.0024476 0.0023489 0.0024479 0.0020522 0.0016592 0.0018553 0.0020518 0.0023484 0.0022501 0.0011691 0.0000000 0.0033415 0.0034392 0.0039370 0.0039368 0.0030412 0.0017576 
MW164647|12pool2262|culex_pipiens|IT|2012-08-07     0.0024491 0.0021537 0.0028451 0.0025492 0.0027459 0.0027462 0.0030442 0.0029450 0.0031438 0.0032430 0.0032427 0.0034413 0.0036404 0.0039395 0.0038404 0.0029442 0.0033415 0.0000000 0.0000967 0.0005837 0.0013657 0.0015622 0.0031271 
MW164653|12pool2653|culex_pipiens|IT|2012-09-05     0.0025466 0.0022511 0.0029426 0.0026467 0.0028434 0.0028437 0.0031418 0.0030426 0.0032415 0.0033406 0.0033403 0.0035390 0.0037382 0.0040374 0.0039382 0.0030417 0.0034392 0.0000967 0.0000000 0.0006808 0.0014627 0.0017572 0.0031253 
MW164677|14pool1489|culex_pipiens|IT|2014-09-02     0.0030414 0.0027451 0.0034388 0.0031421 0.0033392 0.0033396 0.0036388 0.0035392 0.0037388 0.0038383 0.0038379 0.0040372 0.0042370 0.0045370 0.0044377 0.0035382 0.0039370 0.0005837 0.0006808 0.0000000 0.0019531 0.0022497 0.0038136 
MW164651|12pool2626|culex_pipiens|IT|2012-09-05     0.0030412 0.0027449 0.0034386 0.0031419 0.0033390 0.0033394 0.0036386 0.0035390 0.0037386 0.0038381 0.0038377 0.0040369 0.0042368 0.0045368 0.0044374 0.0035380 0.0039368 0.0013657 0.0014627 0.0019531 0.0000000 0.0022496 0.0033998 
JF266698|NA|turdus_merula|IT|2009                   0.0017574 0.0016598 0.0021516 0.0018564 0.0020520 0.0020523 0.0023495 0.0022508 0.0024486 0.0025471 0.0025469 0.0027445 0.0029426 0.0032402 0.0033398 0.0026450 0.0030412 0.0015622 0.0017572 0.0022497 0.0022496 0.0000000 0.0024393 
MW164675|14pool1423|culex_pipiens|IT|2014-08-26     0.0033998 0.0023046 0.0018938 0.0016219 0.0017577 0.0018940 0.0020309 0.0018945 0.0018949 0.0014852 0.0002689 0.0002689 0.0006731 0.0006731 0.0008082 0.0012142 0.0017576 0.0031271 0.0031253 0.0038136 0.0033998 0.0024393 0.0000000 
